@relation test
@attribute a0 real[2.480373889,8.932136417]
@attribute a1 real[2.369157633,8.926647256]
@attribute a2 real[2.434700777,8.870372827]
@attribute a3 real[2.040924748,8.651024408]
@attribute a4 real[2.242604259,8.974890896]
@attribute a5 real[2.067209279,8.895511092]
@attribute a6 real[2.197908446,8.934677462]
@attribute a7 real[2.304904958,8.904683608]
@attribute a8 real[2.046851063,9.191704194]
@attribute a9 real[2.016828165,9.225141122]
@attribute a10{25-34_male,35-49_female,50-64_male,35-49_male,50-64_female,18-24_male,18-24_female,25-34_female,65-xx_female}
@inputs a0, a1, a2, a3, a4, a5, a6, a7, a8, a9
@outputs a10
@data
4.199198953,4.202742491,4.243582563,3.690759476,3.929445684,4.081794593,4.145829657,4.036424247,4.48311153,4.713314804,25-34_male
4.357400983,4.453011273,4.394864969,3.713994381,4.490594889,4.304141883,4.306788691,4.283939978,4.237819427,4.097348648,35-49_female
4.695945031,4.589544466,4.64966385,4.365081992,5.158903597,4.92797075,4.689924317,4.376638289,4.444395017,3.82793356,50-64_male
3.732838287,3.618154594,3.591409957,3.084510793,3.761257544,3.569670798,3.52119247,3.451572787,3.433875553,3.172601584,35-49_male
4.567709779,4.788285859,4.619740127,3.995575434,4.8114873,4.770647408,4.673711238,4.561106572,4.763092677,4.612165243,50-64_female
6.268449758,6.329614483,6.145245704,6.037397201,6.37113991,6.356124801,6.253225561,6.345420699,6.452216173,6.564008448,18-24_male
4.186142252,4.276802926,4.292495495,3.741260956,4.295171387,4.320968959,4.203862719,3.777197123,4.102751184,3.665222513,18-24_female
4.553368068,4.674698706,4.533232209,4.471885223,5.017944655,4.91180025,4.705612012,4.3996686,4.410481943,4.165850999,25-34_female
5.50256696,5.503963104,5.343470085,5.288271645,5.418182951,5.487048779,5.370436152,5.097762183,5.313440088,5.412934741,50-64_female
6.149344531,6.106492397,6.144759447,5.435764757,6.341340896,6.262516277,6.153348792,5.868237999,5.961720543,5.930842309,35-49_male
3.662528155,3.670212632,3.589211521,3.449858657,3.744917577,3.608876888,3.626091806,3.646205641,3.923313474,4.041062288,18-24_female
4.744485926,4.61642739,4.677618271,4.457379746,4.617614747,4.438063411,4.567812562,4.626221736,4.841892585,5.114801863,18-24_female
4.392450438,4.218640645,4.352895651,4.046740734,4.732070008,4.538280399,4.457071707,4.10914896,4.166586465,3.91315324,50-64_female
4.319763714,4.146710563,4.138158497,3.881258502,4.06045993,4.05620218,4.046374428,4.048977077,4.420824916,4.631989807,25-34_male
4.256180353,4.136106983,4.16978928,4.051476219,4.632743957,4.345237168,4.292965714,3.864454095,3.863001398,3.533983946,18-24_female
4.223474967,4.210638007,4.193457739,3.794221969,4.133222545,4.15887924,4.128972966,4.24542404,4.55347253,4.674373361,18-24_male
4.702043577,4.698193503,4.553994623,4.180882176,4.794868371,4.646867756,4.503658364,4.643930849,4.574738527,4.513225551,35-49_female
5.261973874,5.262479859,5.258718248,4.868587744,5.318515784,5.230991702,5.246086555,5.254628277,5.563793871,5.699971677,18-24_male
6.379760433,6.417832096,6.347478414,5.90702874,6.502734093,6.47763027,6.336094567,6.355552447,6.466273548,6.474948553,35-49_male
5.451374881,5.525564297,5.49231942,4.886552677,5.844091101,5.717671511,5.634647533,5.258249697,5.363887977,5.207727405,25-34_female
5.412457559,5.369024999,5.302336153,4.687990664,5.613955099,5.470742773,5.369799456,5.316949833,5.400585032,5.408683478,50-64_female
4.683269064,4.568709997,4.565142123,3.989935897,4.98024016,4.809998261,4.645963367,4.557221918,4.557947056,4.354093572,25-34_male
3.569873153,3.565032383,3.563612689,3.128606111,3.670159277,3.549347765,3.510662105,3.408801736,3.457559158,3.172441654,35-49_female
4.086044715,4.228599587,4.07437173,3.671423064,4.366042486,4.081329627,4.033142482,4.068115998,4.002698928,4.058555128,50-64_female
3.561501814,3.486362229,3.40523072,3.002341199,3.56900514,3.333847577,3.314784588,3.320295077,3.258572416,3.052508518,25-34_male
3.458055198,3.232437625,3.182759931,2.83839622,3.437642496,3.196459084,3.187474568,3.106383255,2.909064265,2.776687809,25-34_female
3.426442401,3.272873962,3.239340478,2.871068352,3.259008174,3.205011932,3.079474991,3.182338172,2.77749756,2.861558685,35-49_female
3.086382906,3.039675576,2.974560057,2.717490812,3.258017655,3.072391153,2.984849884,2.965584396,2.834383811,2.786381537,18-24_female
4.250896427,4.090680163,4.019695001,3.672611804,4.107807327,4.02095058,4.070936743,4.010642839,4.357911591,4.546912539,18-24_male
3.750698655,3.741672598,3.576983082,3.363517433,3.549350201,3.829361642,3.655288875,3.475769072,3.629939707,4.089544579,50-64_female
3.935420341,3.993499379,4.038994331,3.57470606,3.9686954,3.783118219,3.891356817,3.735262888,3.859616238,3.714617786,25-34_female
4.691662908,4.55521871,4.185976963,4.016594729,4.32114422,4.495971512,4.280398841,4.270728395,4.564936719,5.029048997,25-34_male
3.443827402,3.497783615,3.408056467,2.983869328,3.494657139,3.374071454,3.335431657,3.298860803,3.342105608,3.406201378,50-64_male
3.864181455,3.897134976,4.217359439,3.622050529,3.87648229,3.738608481,3.823180503,3.831186964,4.015686114,3.781340391,25-34_female
4.178770932,4.234421927,4.217750923,3.791304348,4.280525843,4.286403523,4.160689012,3.905028254,4.005332935,3.842717185,25-34_female
5.756492059,5.576601026,5.536543818,5.047529336,5.607778658,5.379605088,5.437013616,5.550968683,5.474469693,5.219634939,35-49_male
3.189556689,3.04055819,3.233429857,2.901075127,3.103938432,3.369774307,3.177043466,2.918801489,2.78403101,2.804058201,25-34_female
4.935840856,4.979589389,5.000257298,4.597227454,5.229162148,5.091051543,4.917816342,4.871446222,4.837059563,4.400009183,25-34_female
4.817816866,4.748520226,4.757283607,4.587376475,4.777265019,4.682297354,4.645511059,4.723241325,4.997969595,4.859550654,18-24_female
4.732713217,4.811503057,4.747300224,4.25527271,4.894493153,4.883374836,4.724102932,4.545466115,4.718749246,4.698596163,25-34_male
3.572642309,3.401611013,3.348855349,3.185539108,3.612744723,3.34998163,3.348982313,3.079336965,3.007716064,2.600817375,50-64_female
3.114418397,3.156411285,3.118216767,2.586149301,3.271797441,2.954087319,2.947566586,3.07979031,3.083357642,3.083317618,35-49_male
4.280384599,4.194660279,4.16143089,3.840339526,4.116029697,4.091851238,4.155230211,4.212401731,4.655126839,4.884517991,35-49_male
4.977284034,5.016511122,4.911359515,4.629779951,5.232405132,5.176663042,4.897223423,4.701872603,4.295544101,4.027822072,50-64_male
4.857434841,4.921832938,5.037917983,4.453849552,4.904358661,4.884085773,4.920681148,4.898678607,5.059113741,5.091005592,25-34_female
3.419078242,3.56917808,3.363768709,3.157737627,3.131923037,3.584533465,3.323302776,3.31887911,3.347376708,3.947680738,35-49_male
3.419911951,3.357227808,3.239699566,3.18609248,3.18256745,3.285232817,3.192213975,3.042594163,2.979287409,3.215590268,50-64_male
3.990827509,3.871619829,3.633395354,3.31492819,4.052405216,3.897671422,3.82413446,3.607394131,3.650759032,3.748761664,50-64_female
4.2598063,4.297389745,4.277929043,3.895868328,4.296135944,4.186988728,4.156521294,4.228042632,4.362901328,4.325486722,18-24_male
3.323130702,3.345872635,3.457053621,2.986913523,3.260439186,3.339627101,3.352784603,3.408360687,3.584012113,3.847384896,18-24_male
5.220716977,5.025454072,5.028471067,4.767608698,4.920615184,4.942165328,4.966681408,4.880073608,5.276511627,5.635201228,18-24_male
4.381705064,4.468130034,4.52847569,4.114788627,4.404445665,4.340192538,4.412591955,4.23037942,4.344623926,4.477820074,25-34_male
4.84977752,4.737887752,4.629384749,4.493267989,4.699200282,4.687107133,4.734338485,4.775503656,5.072604533,5.345099458,18-24_female
5.033333834,5.084368151,4.786044939,4.449011272,5.166178903,5.032801709,5.00693314,4.874494552,5.199178227,4.980637805,18-24_male
3.800642913,3.702300803,3.531253164,3.178980601,3.804963316,3.612308272,3.509368717,3.520499475,3.441093094,3.636803174,25-34_female
5.499212611,5.472531209,5.521605998,5.336183157,5.614191437,5.488595381,5.448421009,5.497184958,5.796612073,5.661691084,35-49_male
7.033086776,7.021352445,6.92031157,6.717231064,7.035444869,7.006827757,6.926295865,6.964991533,7.151478492,7.268059751,25-34_male
4.786741013,4.863756001,4.918731764,4.272900351,4.896394338,4.931390152,4.800845793,4.70189732,4.64745193,4.967103104,50-64_male
3.866384605,3.933773097,3.734624672,3.490168875,3.848091124,3.731123492,3.603901398,3.549025994,3.650163453,3.511181265,25-34_male
4.027393951,4.085987851,4.066768551,3.586688149,4.249983249,4.066904314,3.953184683,4.018592095,4.002670038,3.785191276,50-64_male
5.031975979,4.894898795,4.621593982,4.513669492,4.857341965,5.013669544,4.775754297,4.729734546,5.017450052,5.191626924,50-64_male
6.834202783,6.810100205,6.739626435,6.598829681,6.862714412,6.814314714,6.799020742,6.775300925,7.033979781,7.067694626,25-34_male
3.899624403,3.8616158,3.862645631,3.419014033,4.090395072,3.843082228,3.884941373,3.839810876,4.034940005,3.550998285,35-49_female
5.189770611,5.191128787,5.229663491,4.826148624,5.710341737,5.468668409,5.360577491,5.03052404,4.946002208,4.575575981,18-24_female
4.682478227,4.564553843,4.382923573,4.281967714,4.601907944,4.491641797,4.510607877,4.460519612,4.642490388,4.695932068,18-24_female
5.801853076,5.667097152,5.617926413,5.12782742,5.707292811,5.634129507,5.557849807,5.573113321,5.678690351,5.323574723,50-64_female
4.721686661,4.631201353,4.577336917,4.148795412,4.765400113,4.709721494,4.62683707,4.275495115,4.311649257,4.241876634,35-49_male
5.790794146,5.578454672,5.591970751,5.130750627,5.731791412,5.545993794,5.615051478,5.417839555,5.807490965,5.210641054,50-64_female
4.372659665,4.322769763,4.322287568,4.32005919,4.4134471,4.203552389,4.303382525,4.471379194,4.7107769,4.726975988,18-24_female
4.667693384,4.367674488,4.226758489,4.144492525,4.379693718,4.089614848,4.187278106,4.378114385,4.366317752,4.622469632,18-24_female
4.546450691,4.458738538,4.291723131,3.822891146,4.27796791,4.399324641,4.35037287,4.426087283,4.552491895,4.882009964,25-34_male
5.259652005,5.186301871,5.177566539,4.909638202,5.292197227,5.222989543,5.219439354,5.21857296,5.603644059,5.575523211,18-24_female
4.506615701,4.38966937,4.395763693,3.888003123,4.404756216,4.380060835,4.358104123,4.174574688,4.252582657,4.339115013,35-49_female
6.104552577,6.180690346,6.052528254,5.597498649,6.209993265,6.07912158,6.07790496,5.961250413,6.086309686,5.98248933,25-34_male
4.799278267,4.806142213,4.759368035,4.016096007,4.845087088,4.758383555,4.759219841,4.657146669,4.714738867,4.683284151,25-34_male
5.9402322,6.008472696,6.142868588,5.483017009,6.149789394,6.056250965,5.962411687,5.990221801,6.163024282,5.703513865,25-34_male
4.621707188,4.841308369,4.809864662,4.12282565,4.927415459,4.719962864,4.729977747,4.567612985,4.602691937,4.306890234,25-34_female
5.41271361,5.410017767,5.372636462,4.838499567,5.770490657,5.518055302,5.424957534,5.376710693,5.513258598,5.381343327,50-64_male
6.070549843,6.078745104,5.877098757,5.437002604,5.904926332,5.945587958,5.923178764,5.90250606,6.201154513,6.059846526,35-49_male
3.909771723,3.882161544,3.992069657,3.689699423,3.860966661,3.95967821,3.780592122,3.818350988,4.30207127,4.343288417,18-24_male
4.049792492,3.949798523,3.790409498,3.4286713,4.065626328,4.140145537,3.87957338,3.635573187,3.70248123,3.918335094,35-49_male
4.597620554,4.560579855,4.472664623,4.161558177,4.42646221,4.535060087,4.445471435,4.33779804,4.682381076,5.067467218,18-24_male
5.032215638,5.126609817,5.051028765,4.805560402,5.551945009,5.460395174,5.323963731,5.015494887,5.161753032,4.526043924,35-49_female
4.121825486,4.206425712,4.108413458,3.81467941,4.047953955,4.102466472,3.981509188,3.994319671,4.119194796,4.312631114,50-64_male
4.179633415,4.078774715,4.04731007,3.522172255,4.308546116,3.935635105,3.913280485,4.108202254,3.766608973,3.634769314,25-34_male
4.591214061,4.5324982,4.534820906,4.049773771,4.900684532,4.69428036,4.614494355,4.350359567,4.396341286,4.364602891,35-49_female
5.113393562,5.059524547,4.888787355,4.417094844,5.290614351,5.15820433,5.050243749,4.974296332,5.093986387,4.991814044,50-64_female
5.468772188,5.233132281,5.306621397,5.263077528,5.48281338,5.158818032,5.232268794,5.273123928,5.343141938,5.289868284,50-64_female
5.352427559,5.306339098,5.205303367,4.869794054,5.578457657,5.480220217,5.384911775,5.052353671,5.250466647,5.098779588,50-64_male
4.849214487,5.160549047,5.328371626,4.700161057,5.120705813,5.217480005,5.099642194,4.951126951,4.811941488,4.68270677,35-49_male
5.55242105,5.663188485,5.578931106,4.997930397,5.910410976,5.740074088,5.570392477,5.425072804,5.414677129,5.228632522,50-64_female
4.420968356,4.159439821,4.470816763,4.164366747,4.459362087,4.113639844,4.261022075,4.196697383,4.230477118,3.925481357,35-49_female
3.771651137,3.610274429,3.400282662,2.87393958,3.598916562,3.710315779,3.594943314,3.209249193,3.544754366,3.748454531,35-49_female
4.198896801,4.239200521,4.032334826,3.768083609,4.313830562,4.368115056,4.215297853,3.814345446,3.860533706,3.850266757,25-34_male
4.290358667,4.410082869,4.593927361,4.099063178,4.235179743,4.294175681,4.301237033,4.466943205,4.744288528,4.799813287,25-34_male
5.248719588,5.257062396,5.236066428,4.700768724,5.560376758,5.358489782,5.23560525,5.041586142,5.058556703,5.1092696,35-49_female
5.052636955,4.734043849,4.655662166,4.506383497,4.635794274,4.639053087,4.662511329,4.819839069,4.829628746,4.839570444,25-34_male
3.911221786,3.780630547,3.777567236,3.728960862,3.897952075,3.695331878,3.699391982,3.813206665,4.203006936,4.233679379,18-24_female
3.634698002,3.534171081,3.594800949,3.184519197,3.638270927,3.355065648,3.353930865,3.474629012,3.506490338,3.442490471,35-49_female
3.270475639,3.26619356,3.191928034,2.829113712,3.318840243,3.275345702,3.209074686,3.12495173,3.16241,3.193822578,35-49_female
3.741108206,3.662163643,3.711185676,3.312539853,3.974558712,3.679423644,3.658251296,3.503243561,3.756488621,3.226085237,35-49_male
6.657861883,6.595920672,6.510703257,5.993893157,6.557559638,6.567528839,6.501886833,6.46207039,6.570134073,6.546824621,18-24_male
3.207649349,3.187772676,3.330938088,2.980136954,3.014866547,3.126578808,3.069509515,3.122248551,2.953829104,2.913603881,25-34_female
3.885512865,3.834539977,3.730698312,3.478155411,3.77791722,3.739113056,3.657422575,3.800060077,3.996221324,4.124530144,18-24_male
4.198373972,4.156226505,4.071379444,3.846171062,4.032293406,4.02588576,4.047297313,4.110313628,4.49568152,4.708138758,18-24_male
3.823682012,3.803385083,3.599755224,3.241518304,3.732420418,3.56315523,3.57694882,3.731808065,3.716630427,3.817928739,25-34_male
4.389643153,4.472624467,4.243350926,3.862902328,4.365963848,4.546100506,4.39794812,4.249412766,4.135034292,4.348920283,25-34_female
4.039321677,4.295736731,4.099916636,3.665375028,4.464489252,4.188099313,4.062284257,4.002469813,4.105992952,3.692907753,25-34_male
4.393213672,4.350972345,4.504852253,4.096594681,4.626127254,4.484612889,4.492462547,4.247766376,4.309407397,4.061152637,50-64_male
4.539122709,4.444750546,4.349081254,3.91048188,4.544915292,4.497182616,4.367182034,4.382902122,4.465906608,4.213680957,50-64_female
4.691179446,4.762191232,4.633390384,4.061466266,4.874249389,4.739794079,4.598292151,4.540302561,4.435425796,4.436815929,35-49_female
5.056713242,4.999224913,4.885187875,4.772355583,4.995225862,4.851647553,4.798725006,4.777323375,4.650917482,4.727839347,50-64_male
4.023032487,4.035964367,4.058068237,3.730924865,4.066119309,3.989528214,3.877467153,3.87086143,3.963020639,4.039160028,18-24_female
4.910874411,4.898967206,4.91703843,4.436322458,4.992665922,4.917044419,4.76344139,4.884867146,4.676083732,4.327370777,18-24_female
3.297263056,2.938231446,2.950152247,2.640849594,3.084462428,2.928029401,2.945030419,2.963339324,2.958441572,2.827333039,25-34_female
3.875705876,3.925461751,3.699833523,3.236521018,3.756146148,3.649656876,3.621734521,3.911577763,3.849261169,3.697236618,25-34_male
5.607398808,5.536800465,5.481101381,4.916173089,5.774286936,5.718559825,5.596513734,5.5207535,5.67463265,5.734266382,35-49_female
3.24663151,3.010479644,3.088158268,2.734358093,3.266360601,3.031051088,2.969902852,3.037662773,2.790958186,2.576436039,25-34_male
5.115600549,4.909997571,4.974873165,4.524573312,5.092953115,4.964638809,4.912433855,4.86226347,4.784123945,4.409922535,25-34_male
3.264773594,3.016342758,3.104599996,2.661733632,3.026239345,2.961871503,2.950085846,2.984850832,3.173050784,2.994088189,50-64_male
5.109258352,4.956016947,4.952312267,4.804009287,4.956363565,4.83630478,4.831793384,4.97660099,5.035958765,5.081166709,25-34_female
4.200902418,4.111204333,3.952654851,3.80050275,4.01113454,4.068675344,3.981765463,4.053075365,4.365200822,4.682066664,18-24_female
4.434963282,4.28129667,4.200519066,3.782386891,4.313766535,4.320238581,4.112671734,3.9941136,3.918890144,4.172785743,50-64_female
4.715070864,4.658468261,4.630726553,4.230597444,4.623944624,4.638242222,4.629265016,4.628188787,4.907191679,5.052715484,35-49_male
3.654033387,3.735852829,3.56029916,3.30835731,3.725883403,3.559724815,3.536862453,3.419740705,3.638044381,3.39721264,25-34_female
5.008286119,5.132677109,5.062834157,4.486066046,5.071369178,5.210456243,5.054556022,4.919883487,4.95613098,5.103195092,50-64_male
3.670071958,3.835568565,3.726992198,3.313593687,3.84601399,3.704795973,3.648223788,3.563429334,3.372178301,3.297757782,35-49_male
4.302529879,4.306293876,4.261327854,3.998179258,4.40545429,4.360209787,4.262499222,4.275174823,4.278026715,4.540990058,18-24_male
5.81688762,5.809961228,5.511838174,5.149262384,5.796213091,5.741400548,5.715066401,5.622365155,5.922874246,5.798403098,50-64_male
4.895866932,4.881911516,4.904254258,4.287890448,4.867333978,4.850941185,4.792851148,4.697755132,4.728814768,4.610627755,50-64_female
3.755929765,3.647875343,3.417694235,3.444663438,3.763534372,3.752357765,3.500296337,3.396118397,3.395719054,3.540154349,50-64_male
6.241405409,6.08244406,5.904889337,5.546427776,6.008988548,5.927626891,5.864595618,5.880175081,5.935849427,5.781915863,25-34_male
3.143965662,3.165926827,3.069130223,2.556106096,3.339945781,3.022842817,3.105720313,3.101573817,3.204875166,3.138141338,25-34_female
4.5823436,4.611833598,4.559207156,4.004850713,4.594055512,4.534339415,4.562884734,4.357408693,4.422276567,4.383785614,18-24_male
5.108635008,4.976444678,4.809290493,4.568879922,4.733041972,4.888442448,4.798857944,4.83408375,5.165570996,5.369169042,25-34_male
3.672066219,3.555484375,3.832809571,3.703040177,3.282489346,3.503690777,3.418175097,3.711878186,4.138670788,3.990110677,18-24_female
3.981450684,3.984388648,3.979489942,3.543671776,4.265183028,4.175646947,3.96989771,3.741231722,3.836364046,3.450410313,50-64_female
2.541984366,2.461805143,2.565334601,2.040924748,2.379321622,2.260615298,2.289530884,2.304904958,2.156923373,2.159468893,50-64_female
3.251036674,3.208610674,3.247986857,2.940495108,3.53855809,3.343507617,3.137452746,3.05482869,2.941577146,2.701032092,50-64_female
5.351681795,5.296909486,5.173187314,4.739641461,5.408449316,5.400722948,5.200240206,4.988180479,5.228027332,5.078454178,25-34_male
5.82340066,5.883994873,5.649681706,5.29579538,5.872997816,5.737374292,5.734548749,5.689232217,5.95532157,5.864124867,50-64_female
5.462066957,5.218616195,4.958294233,4.854755971,5.085571889,5.301879172,5.227269737,4.92614183,5.171535587,5.606374969,50-64_male
3.091516548,3.048926332,2.965698226,2.610471609,3.221545759,2.93806177,3.012025193,2.922358332,2.637695664,2.647076484,35-49_female
4.075901756,3.989330301,3.723626471,3.482073539,3.847766595,3.832550631,3.842752945,3.85868932,4.066754537,4.210347069,25-34_female
4.646343713,4.611020459,4.56838236,4.324946678,4.784375923,4.609081383,4.684151309,4.513310146,4.907678989,5.043301535,18-24_female
3.899000254,3.781198003,3.665527757,3.274744265,3.70746612,3.836058176,3.609935649,3.755962537,3.973399222,3.949251301,35-49_male
5.911213053,5.800856302,5.676624201,5.171200199,5.682453743,5.884981763,5.716912662,5.655108871,5.90730061,6.25296063,25-34_male
4.994938054,4.946964078,5.026908034,4.738981615,5.529328812,5.265828874,5.245198073,4.885917087,4.798127071,4.508086594,35-49_male
4.72463553,4.47340461,4.478925001,4.119811932,4.408427912,4.25867856,4.391143491,4.197087517,4.576886383,4.869974548,18-24_male
7.44630587,7.430241793,7.340520697,7.168420846,7.462124315,7.421999947,7.397531471,7.36386662,7.5721944,7.571280925,50-64_male
4.660456752,4.645750192,4.597151533,4.400443603,5.035697194,4.94335127,4.820111502,4.515257773,4.505890099,4.215826064,35-49_female
5.221843093,5.152254971,5.142244756,4.673838393,5.357230323,5.322762127,5.219129247,4.826262932,4.979460167,4.929385982,18-24_female
5.005629737,5.012437332,4.991931881,4.566119799,5.309127536,5.06929181,4.974616413,4.788414076,4.882597345,4.721979181,25-34_male
4.709831907,4.63853043,4.568150187,4.272319087,4.508674405,4.533233749,4.679705509,4.478975724,4.839160013,4.92005511,25-34_female
2.678657753,2.527232137,2.553349478,2.0953858,2.498951418,2.457200549,2.413736484,2.482988604,2.453332423,2.671052909,25-34_male
3.791613806,3.666833832,3.567201846,3.21804793,3.802173399,3.487526947,3.498093781,3.731582408,3.571475164,3.509969236,18-24_female
5.253805558,5.089157825,5.104895752,4.942615059,5.580909873,5.486313402,5.259014832,4.898157091,4.713801043,4.365876724,25-34_female
4.199970457,4.192529588,4.1687521,3.635633528,4.363279043,4.249247772,4.179512669,4.01657665,4.023551682,3.956883552,18-24_male
5.301169978,5.354327618,5.158823011,4.745129727,5.381378895,5.457922262,5.238791442,4.885302941,5.091887048,5.017170384,50-64_female
4.719388785,4.454696885,4.538832003,4.366532884,5.070576147,4.851620514,4.692069911,4.354052789,4.167801273,3.504524054,18-24_male
3.584183083,3.497867236,3.533525756,3.203014652,3.427776414,3.590568759,3.496861842,3.571097009,3.993769553,4.299706189,25-34_female
4.029753911,4.191308568,3.945132235,3.490866344,4.166785704,4.133881558,4.056780859,3.95973329,4.109622191,3.960356486,25-34_female
4.258791671,4.284544395,4.171206831,4.027233348,4.111073503,4.058011405,4.101884762,4.242937502,4.518611105,4.582924915,18-24_male
5.175405696,5.303417586,4.903457927,4.748220829,5.152831725,5.299275214,5.015872241,5.009183477,5.117896888,5.369953768,50-64_male
4.24452206,4.268426533,4.099922765,3.959789684,4.230724558,4.262899981,4.126879357,4.054992304,4.05017709,4.152285157,35-49_female
4.965391794,4.876963546,4.743474414,4.171463203,4.921938083,4.972062789,4.901628604,4.904062804,5.49950288,5.373212209,25-34_female
3.563459359,3.508391348,3.47554669,3.056570588,3.712883991,3.416207653,3.395518796,3.327515794,3.255864473,3.091284235,35-49_male
3.243356733,3.142655372,2.991909296,2.57530666,3.29106063,3.05799956,3.067704494,3.080204446,2.826557398,3.054524436,25-34_male
5.405721374,5.364108116,5.342950449,4.94915998,5.529172174,5.316972201,5.298528104,5.22612412,5.240806466,4.967327566,18-24_male
4.732401335,4.532854487,4.56005161,4.473982651,5.032941303,4.839819889,4.639389723,4.380191773,4.032346915,3.75062757,35-49_female
4.214594263,4.121973844,4.015530938,3.606040646,4.249301335,4.093172941,4.025428231,3.95081965,3.988965268,4.041812397,25-34_female
4.33209242,4.370005339,4.498636878,3.919396851,4.329215434,4.202838767,4.26204169,4.332398662,4.595566851,4.441710703,25-34_female
8.932136417,8.926647256,8.870372827,8.651024408,8.974890896,8.895511092,8.934677462,8.904683608,9.191704194,9.225141122,25-34_male
4.103248326,4.037139505,3.972982634,3.482766345,3.951988496,3.803957998,3.827590763,3.900364153,3.855720823,3.713076217,18-24_female
3.452352082,3.534359381,3.52068023,3.050306207,3.559777255,3.355637133,3.401577812,3.562379511,3.084242253,2.900658824,18-24_female
5.044398226,4.822102231,4.667042276,4.254835169,4.881549911,4.676340311,4.670810343,4.811805962,4.624368803,4.626371165,18-24_female
4.381547076,4.245688505,3.9374261,3.888514048,4.296941356,4.407151173,4.245237774,3.917530376,4.232867015,4.573595527,50-64_male
5.430233249,5.576755546,5.46407694,4.778489446,5.573816549,5.596003264,5.437934516,5.349888314,5.438787227,5.47792744,35-49_female
5.072690241,5.101809979,5.022475598,4.798102381,5.559332159,5.334203487,5.22423762,4.981860294,4.94850001,4.458149143,35-49_female
3.471465459,3.483930508,3.436586928,3.009048531,3.657671752,3.3717424,3.343351677,3.356137606,3.211211997,3.001345406,35-49_female
5.301381556,5.314925902,5.435108584,4.663775498,5.631154082,5.394268908,5.322925751,5.115850713,4.993001387,4.732581175,35-49_male
3.832382485,3.829889392,3.77425851,3.390705458,3.872497761,3.722666626,3.799319328,3.636655108,3.94601858,4.163383744,25-34_male
4.100693336,4.060591194,3.762554659,3.513532137,4.221664748,4.259841969,3.921843757,3.781063895,3.685196762,3.800866062,50-64_male
5.044656953,4.820985372,4.595976121,4.204418773,4.659829974,4.837315723,4.73347061,4.575898747,4.793452066,5.050584802,50-64_female
3.225819706,3.060763246,3.02523871,2.901459648,3.054422333,3.061939576,3.178288239,3.030003154,3.489578747,3.57383797,50-64_female
5.504363141,5.472843436,5.308284045,4.653199113,5.48282598,5.606628104,5.44842968,5.436280725,5.704318872,5.703630344,50-64_male
7.108558534,7.114804872,7.057108588,6.84441551,7.167129625,7.057439113,7.127662045,7.073557812,7.4179315,7.447802424,18-24_male
5.803488333,5.607743559,5.590527041,5.606816213,5.840143709,5.560472299,5.637067688,5.732773582,6.01318677,5.930266888,35-49_female
6.215061692,6.159530748,6.09321621,5.917559236,6.129659431,6.022681062,6.090332916,6.149142233,6.407360102,6.513953002,25-34_female
7.211587489,7.0359892,7.09545004,6.685885049,7.226553763,7.178848563,7.135925241,7.087499528,7.577991131,7.440223874,50-64_female
6.540715275,6.595312377,6.468191525,6.111665188,6.472926987,6.381788149,6.434138958,6.358000853,6.671313072,6.424581177,50-64_female
7.293586202,7.418915338,7.373389851,7.153003864,7.568157628,7.487250472,7.456860524,7.364074906,7.50316253,7.556332588,25-34_male
5.705840606,5.700240299,5.746525851,5.048219728,6.040377504,5.701703721,5.717227975,5.52357113,5.552162088,5.432360377,18-24_female
4.072458986,3.962271253,3.949747524,3.581345193,4.134639455,4.053457725,3.983809525,3.829007587,3.999738727,4.222901503,50-64_male
4.133914201,4.15557687,4.022558713,3.613375299,4.44539477,4.213643888,4.253770072,4.012768762,4.264210669,4.230297172,50-64_female
2.945989848,2.813900797,2.87365251,2.423993538,2.670640884,2.767782877,2.545601307,2.790703245,2.475880328,2.545708932,50-64_male
4.270425003,4.186589847,4.172744071,3.695120339,4.385878571,4.17168134,4.228569235,3.988810883,3.971239741,4.038852265,35-49_male
3.36786597,3.356854965,3.567742085,3.082482286,3.383068215,3.410344774,3.31153635,3.236116155,3.189607972,2.963923881,25-34_female
4.178611223,4.226174335,4.042103705,3.652358358,4.33696638,4.358847005,4.148235948,3.816145941,3.91709784,3.941487196,25-34_male
5.844431524,5.926158241,5.887782749,5.164523284,6.240378942,6.02785021,5.919114919,5.77531207,5.84328742,5.794032294,18-24_female
5.09268843,5.089377075,5.063256248,4.969907528,4.856067205,4.997977633,4.859715405,4.88283413,4.883405972,5.146839566,18-24_female
5.610939992,5.54994818,5.362501498,5.009442731,5.666611639,5.770490738,5.556167409,5.233845421,5.522693584,5.299234279,25-34_male
3.396336873,3.270351225,3.182062482,2.820738342,3.453088372,3.194320008,3.164035729,3.296927,3.239466191,3.222677685,25-34_male
7.002708074,6.985736684,6.936418174,6.604769454,7.057021386,6.921647554,7.014180837,6.999045528,7.312961021,7.350332177,25-34_female
3.625994877,3.527627497,3.545744961,3.239362063,3.696856347,3.427411064,3.481024972,3.477728914,3.154338396,2.743590097,50-64_female
3.626125909,3.550332185,3.59223225,3.512446082,3.119032404,3.418321888,3.286520912,3.352396128,3.451812021,3.556938105,35-49_female
4.604450596,4.594908731,4.558194328,4.251902279,4.656814938,4.552167566,4.334053003,4.430065254,4.523541605,4.558705337,35-49_male
4.571258957,4.440651872,4.446027829,4.052874173,4.670278021,4.302322086,4.256388363,4.362980117,4.321846241,3.915181928,35-49_male
6.111183709,6.138546717,6.076083357,5.506980843,6.265946004,6.150864474,6.124431597,5.876542222,6.085757933,5.955663318,25-34_male
5.337334091,5.145984134,5.130268789,5.048853056,5.274367772,5.093993519,5.106434342,5.188590352,5.409697445,5.546321318,25-34_male
5.567076445,5.366938078,5.280413329,4.820916524,5.626812495,5.418899323,5.346398679,5.375377659,5.254312163,5.035412995,25-34_female
3.781396741,3.656833608,3.622342526,3.353269183,3.50255978,3.578905498,3.447061872,3.529154954,3.604780588,3.547655485,35-49_female
5.977199241,5.856946775,5.742424308,5.25091699,6.075225775,5.782772595,5.67922044,5.682887435,5.326640292,5.004475553,25-34_male
5.637615574,5.633729865,5.672707806,5.041330734,5.953431049,5.783156027,5.589320921,5.46196181,5.402827504,5.218097736,35-49_male
4.876690842,4.852999149,5.046794123,4.711504776,4.755208115,4.786347753,4.831918755,4.663898784,4.977715911,5.523811106,18-24_female
3.631092103,3.723741666,3.692278021,3.434970451,3.938093881,4.057569037,3.716777376,3.381881571,3.559051131,3.158860451,25-34_male
4.20437065,3.948008597,3.897313701,3.579817134,3.873944491,3.828416872,3.909146612,4.002253604,4.122151784,4.51812954,18-24_male
5.361379666,5.309245989,5.251961823,4.942104121,5.598727202,5.493348544,5.289884718,4.944800855,4.828919832,4.629895484,25-34_female
6.030325523,6.087698594,6.080215419,5.277362297,6.23824994,6.252058925,6.11695284,5.955341463,6.017814868,6.065885203,35-49_male
4.416320549,4.330494208,4.42128072,4.17501935,4.819131737,4.634985591,4.427399677,4.124227805,4.052166255,3.34442576,35-49_male
5.464311337,5.487141016,5.440091582,4.800165843,5.611159586,5.519789832,5.441221588,5.272764194,5.326421451,5.08779946,50-64_female
5.053305963,5.101158892,4.999039471,4.548725344,5.261734882,5.061966557,5.002836076,4.864685028,4.851554299,4.615579465,50-64_male
4.716385698,4.603794211,4.560810533,4.367342348,4.751029467,4.756476131,4.552341784,4.19446643,4.243437965,4.424611904,18-24_male
5.072657971,5.13252914,5.197728038,4.442893408,5.430300633,5.258505847,5.281125023,4.985762766,5.168346028,4.669777087,25-34_female
4.518925301,4.466980151,4.52267381,4.110806374,4.299104904,4.333022757,4.384861333,4.486307021,4.579889928,4.765607291,35-49_male
4.260633515,4.164408654,4.047035776,3.797757173,4.39358766,4.37624364,4.173780896,3.785031103,3.781557737,3.781831124,50-64_female
6.082440284,6.309785726,6.250484824,5.764484099,6.516559626,6.30061167,6.289025286,6.184269569,6.200300434,6.258991058,25-34_female
4.990434855,5.009563506,4.780484825,4.461924874,4.940575945,5.062546447,4.867140278,4.690126781,4.781410437,5.101582153,25-34_male
5.119084312,5.061479756,5.004575183,4.913770764,5.449706445,5.389877608,5.198433759,4.830726066,4.942206703,4.492512914,50-64_female
4.879842554,4.85737559,4.90969634,4.696437206,5.342295647,5.15571271,4.905635271,4.803980209,4.633377393,3.816519666,35-49_male
4.178693855,4.247450215,4.057880232,3.602349543,4.224859801,4.208907848,4.12816062,3.861588658,4.048877219,4.249786866,18-24_male
3.125041181,3.303544935,3.235623119,2.902397202,3.071611686,3.200345213,3.08730216,3.012880403,3.085690883,3.217630487,50-64_male
4.208088594,4.214396812,3.963668476,3.79726534,4.213378468,4.200400436,4.17655023,3.800809789,3.813409847,4.075823189,50-64_female
7.337073365,7.337368798,7.293459971,7.014549415,7.382372868,7.303462821,7.362315846,7.329977094,7.622420193,7.65776608,18-24_male
4.231457467,4.111746538,4.083002833,3.825242828,4.264833711,3.952912709,4.060254484,4.146389162,4.151323687,3.828293987,25-34_female
4.460067638,4.148346623,4.010296196,3.945073776,4.238606125,4.002643504,3.978766788,4.214284634,3.956378046,4.199105414,25-34_male
6.328812673,6.258813943,6.246802331,5.679326836,6.473338035,6.290473663,6.352677201,6.334382206,6.504219675,6.624586882,25-34_male
4.169466538,4.057820639,3.94941054,3.824415628,3.999314046,4.023995646,3.965002898,4.115777512,4.284533716,4.771962044,18-24_male
4.850113704,4.990648471,4.967763462,4.406306011,5.15294455,5.06623569,5.04502456,4.867546258,4.953584222,4.764674958,50-64_female
3.206139302,3.045963838,2.985968609,2.624014472,3.006820453,2.722011138,2.818445259,3.081025267,2.567411926,2.616887758,50-64_female
5.429154269,5.373658325,5.287867367,4.935807368,5.510774537,5.324307274,5.269842348,4.983346306,5.096113856,4.675400031,25-34_female
4.94662356,4.974679765,4.903933867,4.341805205,5.039265025,5.085255043,4.902272066,4.716312151,4.801844058,4.912652204,50-64_male
3.665084715,3.621731361,3.735228384,3.311667013,3.578100441,3.676852274,3.57131547,3.340555665,3.123754239,3.045877425,35-49_male
4.237252685,4.144114152,4.153533427,3.953619715,4.211460204,4.18239312,4.164192577,4.159400567,4.272085451,4.672687101,25-34_female
4.294843234,4.307407435,4.457506692,4.041335766,4.469333145,4.319743822,4.222501465,4.261507411,4.400833918,4.253026113,25-34_male
4.398165118,4.184173468,4.137132862,3.930993296,3.871854654,4.061083478,4.0466641,3.950940194,4.288227676,4.304277061,25-34_female
5.227526508,5.144592353,5.14535284,4.636301576,5.489490678,5.366329263,5.233081802,4.927092004,4.875226372,4.708182064,25-34_female
3.326244849,3.458783499,3.543269329,3.129204255,3.284476483,3.497865269,3.31522672,3.154776206,3.012651536,3.268457104,25-34_female
4.786618834,4.707210978,4.583623109,4.174635214,4.729219102,4.560550772,4.53883132,4.442222167,4.346786686,4.218625809,50-64_male
5.426796341,5.474111368,5.436704038,4.836564228,5.481557337,5.331878916,5.496098777,5.313136612,5.511418714,5.441057698,35-49_female
3.911365835,3.90660275,3.878398653,3.475182838,4.100150058,3.859805443,3.765132419,3.873673487,3.838623378,3.736929305,25-34_female
4.442938821,4.549497633,4.399171496,3.900472384,4.871802494,4.731449301,4.407697757,4.377341978,4.299276235,4.025603969,25-34_male
5.097971739,5.069533486,5.020757291,4.455003134,5.357061754,5.211749146,5.084595858,4.982048738,4.958864215,4.421949914,18-24_female
5.328805207,5.253922903,5.13950561,4.952545997,5.427081575,5.530968389,5.277853397,4.988532132,5.098711048,5.149244505,25-34_female
4.804524055,5.000913174,4.96969277,4.177210513,5.130669,5.06801726,4.980782023,4.902222808,4.841913675,4.688181575,35-49_male
5.59725303,5.522120518,5.418372043,4.985778501,5.710097057,5.75418402,5.581301581,5.323914325,5.498584929,5.585261407,35-49_male
4.044923556,4.066558521,4.076718953,3.550712438,4.236245706,4.032980753,3.901318293,4.045468827,3.842448325,3.514577751,25-34_male
4.145252855,4.056682786,3.901088682,3.482313029,4.212206667,3.995670698,4.012505626,3.927043447,3.81281008,3.980582769,25-34_male
4.670029433,4.518642216,4.230432684,3.827072338,4.35470925,4.507499246,4.316894935,4.17770113,4.399238288,4.705403646,50-64_male
4.76418059,4.551561405,4.618267666,4.51685941,4.544846885,4.585739666,4.471198383,4.603199772,4.879926846,5.002245433,18-24_female
3.703641178,3.710571898,3.641608633,3.317315307,3.578200888,3.472547799,3.685057341,3.585430995,3.86681619,4.109705404,50-64_male
4.273818973,4.217429221,4.20790968,3.838200137,4.265024112,4.166094043,4.221344045,4.363503402,4.865779721,4.898392687,25-34_male
3.282991543,3.268477183,3.179291145,2.805627966,3.27869703,3.208264047,3.14661194,3.079565,3.105928256,3.280406761,25-34_female
4.948463112,4.974217123,5.113164143,4.673027844,5.589484213,5.257346036,5.156939712,4.848401297,4.729081512,3.96777538,50-64_male
4.714166771,4.817404706,4.84684649,4.368975175,4.786938371,4.608398435,4.622308602,4.680635944,5.117588341,4.801321084,18-24_male
4.334128539,4.531305684,4.661817722,3.746237268,4.558358307,4.46720795,4.395263021,4.205455803,3.97913912,3.856287777,18-24_male
3.530149603,3.425018494,3.49381279,3.375577981,3.398716955,3.334091232,3.311296798,3.536874803,3.647650949,3.844245683,18-24_female
4.218257896,4.191788431,4.067720281,3.895910046,4.433003117,4.410717357,4.171591946,3.916909154,3.717942586,3.173796388,35-49_male
3.757317504,3.710341784,3.659227692,3.32671763,3.566870184,3.523960635,3.490266206,3.279564044,3.355186955,3.08300754,25-34_male
6.847192051,6.787784926,6.631687025,6.120787309,6.719227161,6.743474967,6.663549274,6.615035552,6.800484251,6.648681352,25-34_male
3.804436118,3.802210539,3.89507102,3.401301162,3.893129885,3.846154744,3.780761718,3.737134353,4.074620817,4.404283161,35-49_female
5.259659849,5.365064115,5.29138791,4.880957426,5.632707754,5.26011827,5.286594311,5.04867762,5.201652599,4.710768568,50-64_male
5.458540415,5.551167063,5.49488859,4.92735703,5.776928424,5.621736506,5.565937671,5.326918644,5.322051297,5.238803052,35-49_male
3.787086542,3.727278659,3.703268928,3.453265136,3.834484713,3.718018636,3.661796467,3.727081873,3.878336358,3.942690843,18-24_male
4.202589263,4.353801776,4.174789809,3.62762135,4.338074888,4.210269549,4.113733089,4.002225256,4.094428884,3.968650713,18-24_female
4.167155796,4.250629553,4.076151658,3.810788537,4.263558836,4.291431266,4.113820121,3.900272664,3.944078015,3.84347039,18-24_female
5.471339793,5.379501595,5.14477004,4.943604451,5.251219813,5.237003442,5.246872426,5.122857843,5.392322819,5.2745184,18-24_female
4.07241235,4.065014882,4.173592552,3.528070896,4.33966862,3.982780359,3.972181868,3.975317879,3.952496408,3.508489372,50-64_male
5.05967497,4.842041319,4.704630205,4.288329907,4.903209431,4.807072024,4.779567011,4.837999729,4.973231918,4.725094007,35-49_female
5.423567699,5.473994117,5.41853651,4.910479889,5.699889658,5.515103787,5.363975457,5.312572663,5.204869153,4.84090379,18-24_male
5.286128108,5.300976496,5.284505392,4.518333777,5.582018558,5.481074131,5.256810572,5.054871277,4.99229514,4.777951503,25-34_male
3.642941664,3.493359413,3.379317197,2.919756115,3.54507333,3.434176391,3.279262042,3.380210822,3.173381536,3.302732503,50-64_female
3.071655053,3.083977794,3.226837245,2.977461734,3.05773197,3.287909648,3.063027469,2.876094743,2.49609692,2.578047233,18-24_female
4.740289387,4.729793523,4.660037915,4.477171115,4.763188071,4.716669782,4.715013034,4.723384158,5.060822006,5.142534091,18-24_male
3.100905089,3.133785844,3.2178134,2.870994135,3.288778687,3.125341075,3.119954284,2.972646632,2.947889446,2.773756731,35-49_female
4.897171192,4.715261916,4.552060793,4.31203987,4.727578258,4.726179894,4.649800232,4.769907866,4.934114076,4.941265293,35-49_male
3.131639216,2.972330869,2.960065203,2.585011786,2.927767909,2.855006351,2.895818686,3.037695424,2.804051331,2.773300431,35-49_male
4.519123535,4.553160567,4.381832807,4.327122754,4.512750976,4.383322188,4.400975382,4.536296683,4.654991767,4.966783152,25-34_male
4.030515786,4.01168158,3.644057342,3.380930535,3.940854978,3.926086922,3.813938005,3.804550465,4.007235689,4.066225265,25-34_male
5.336855008,5.469332476,5.390488265,4.794324387,5.601497468,5.585323608,5.43323499,5.247376913,5.405329056,5.260104667,50-64_male
3.882820772,3.845681982,3.711484465,3.560327588,4.033680016,3.911457952,3.669500416,3.55095979,3.416255512,3.463169748,50-64_female
4.080468431,4.320918268,4.07515891,3.913588694,4.286116632,4.153230396,4.008497923,4.079086278,4.137158956,4.100145273,35-49_male
4.530671245,4.392558348,4.433450616,4.189776854,4.944584906,4.705286497,4.599625814,4.125325141,3.984829395,3.696236626,35-49_male
3.348141872,3.250293892,3.181847507,2.715881603,3.243472727,3.089034991,2.995255149,3.160159989,3.026231902,3.00560962,35-49_female
4.702748524,4.573807517,4.52536841,4.264223495,4.667640762,4.35202872,4.43293025,4.651286782,4.496003412,4.500646983,50-64_male
3.149439863,3.096867423,3.043175353,2.590531137,3.158379827,2.830627099,2.897254073,3.087955723,3.029006727,2.978840712,35-49_male
3.855673058,3.804785879,3.781139871,3.190359387,3.938847282,3.698800118,3.690540887,3.76652905,3.651501756,3.589613403,50-64_female
4.586179396,4.613745907,4.621666303,4.100045541,4.795483955,4.542394026,4.506619716,4.486022086,4.280752199,4.128407815,35-49_female
3.131691349,3.211299345,3.311844361,2.998421553,2.936753608,3.041657075,3.020467745,3.129624214,3.017847113,3.069872658,25-34_female
3.420252846,3.256960555,3.199887982,2.883135767,3.283079729,3.177738379,3.123096811,3.223919048,3.050830315,3.131037605,50-64_female
4.719581501,4.619909581,4.530048604,4.031307322,4.797330149,4.546680565,4.504595051,4.54733052,4.287808885,4.256906696,18-24_male
6.506549339,6.561274883,6.549344934,5.931432594,6.734408774,6.710618091,6.599142013,6.53866467,6.584584848,6.765733971,25-34_female
5.041346738,5.150728332,5.105741601,4.27109972,5.319285438,5.238205979,5.091523959,4.915317442,4.861997862,4.759710887,35-49_female
3.974877637,3.919124055,3.89520789,3.554837633,4.001419245,4.080639679,3.839247277,3.772828043,4.009442373,4.24486914,50-64_male
3.725213947,3.860235607,3.74694931,3.393684534,3.799178457,3.655472561,3.677220053,3.623911156,3.711297546,3.44147644,25-34_female
5.340453978,5.108662713,4.881880702,4.302236377,4.94516857,4.864962166,4.91930279,4.989678987,5.079676904,5.210997886,18-24_male
4.123913685,4.26808301,4.254002092,3.597152473,4.18520963,4.117927995,4.007724747,4.11390191,4.006753893,3.776289073,35-49_female
5.069607637,5.011489981,5.058058739,4.513151436,5.237052449,5.065673941,4.910496577,4.989020532,4.817043118,4.516832348,35-49_female
4.389821849,4.197945554,4.009667102,3.8131239,4.260695911,4.439383613,4.227344024,3.793056982,3.981888695,4.309840688,35-49_male
7.038583593,6.985058637,6.906242969,6.741199863,7.039827293,7.03855922,6.985951846,6.97850048,7.168262564,7.293375013,25-34_female
4.993315259,4.800147447,4.706744903,4.455581765,4.96513124,4.766919103,4.740761655,4.770473253,4.817729217,4.821347067,35-49_female
2.864626028,2.626271334,2.715703626,2.340691777,2.548469035,2.328739446,2.491481741,2.64372268,2.185042803,2.259215242,25-34_male
3.880311867,3.944221602,3.861359554,3.503677168,3.847238104,3.782449681,3.801916268,3.602619336,3.631306956,3.548184579,50-64_male
3.247937247,3.176587221,2.985299378,2.55381245,3.217981342,3.053297947,2.894173845,3.171751605,2.935983267,3.031673288,25-34_female
5.469446926,5.483925009,5.423530797,4.836428654,5.647994451,5.466575591,5.323248902,5.539930402,5.478376993,4.723732005,25-34_male
3.728614929,3.726345064,3.765171977,3.525128782,3.555453834,3.523000064,3.575300868,3.725224576,3.897284831,4.088121287,50-64_female
2.947298412,3.055592853,2.98969585,2.693256474,2.769154864,2.917426959,2.795955364,3.012892871,3.129231331,3.454394536,35-49_male
5.971475233,5.878017917,5.842650525,5.135826925,6.024607801,5.9415371,5.828498847,5.819809599,5.833108785,5.827789885,18-24_male
4.168215519,4.387529988,4.404176585,3.503257926,4.407869215,4.301943242,4.279541362,4.17046345,4.240027627,3.976637158,25-34_male
6.18472866,6.111798254,5.918711893,5.471719054,6.117872795,6.125671639,6.075129469,5.974393751,6.303318066,6.106645176,50-64_female
6.270735407,6.253336404,6.172676714,5.936536176,6.276369959,6.227660763,6.270638254,6.245295597,6.541172032,6.699827599,25-34_male
6.22564812,6.0510054,6.047915588,5.730698751,6.259328786,6.099825693,6.027244023,6.021741298,6.089033625,5.808280945,25-34_male
3.268257389,3.198580218,3.118532532,2.768777693,3.094766346,3.020640852,2.897019782,3.118468309,2.948634993,3.021212168,35-49_male
3.288652033,3.083915883,2.9575712,2.614056818,3.211774529,3.01099511,2.824330585,3.035375551,3.051502855,3.055738223,50-64_female
4.425499554,4.418826188,4.415722283,4.451065668,4.822236451,4.71008455,4.419955078,4.252970453,4.085978392,3.757893154,35-49_male
3.829348455,3.796112,3.778185351,3.649327589,3.998875525,4.206283723,3.891623689,3.473926738,3.455540991,3.557672883,18-24_male
5.326964333,5.325768493,5.298627043,4.878952972,5.154958438,5.212050332,5.253765315,5.367844213,5.644142703,5.876304298,25-34_male
5.20102518,5.250601833,5.213057545,4.897364812,5.673989231,5.419900181,5.330898269,5.075371964,4.995798738,4.683784887,50-64_male
4.029219703,3.928928074,3.6948509,3.414500466,3.917561654,3.883086308,3.76812278,3.49796777,3.430610004,3.382929689,50-64_female
5.958158223,6.051380471,5.937380373,5.377182179,6.08665603,6.002256391,5.979699327,6.002729955,6.346712964,6.311672089,35-49_male
3.742061661,3.430382162,3.402906232,2.905686971,3.530766086,3.223262767,3.439606977,3.434507705,3.355282976,3.527418749,25-34_female
6.492051722,6.449990626,6.246540262,6.014784094,6.354502999,6.438849708,6.325758912,6.284805011,6.403685441,6.427715649,50-64_female
4.031899521,3.932765046,3.967852751,3.453726619,4.071390316,3.831077077,3.767729411,3.959794194,3.607101351,3.51333085,50-64_female
4.581304917,4.44329012,4.329982898,3.890050644,4.5585817,4.555141564,4.356749208,4.09318134,4.161005656,3.997975513,25-34_male
3.584671141,3.537186888,3.636497085,3.356047398,3.365317013,3.465485016,3.350265976,3.604372036,3.879451804,4.057979894,50-64_male
3.815108817,3.60271576,3.597892896,3.419350327,3.687647883,3.445702021,3.528319445,3.67067706,3.775138506,4.124359516,18-24_female
5.309267329,5.429654889,5.35808114,4.751426833,5.581272383,5.579520448,5.322887921,5.066253292,5.022464338,4.903437674,50-64_male
5.035666138,5.148430442,4.951003527,4.483890438,5.236878492,5.224227337,5.087297187,4.921272673,5.006506934,4.874169636,25-34_male
5.499493772,5.626320548,5.547163339,4.834898003,5.812168964,5.826441476,5.711703032,5.609781085,5.792977707,5.703087666,25-34_female
4.521686217,4.523626826,4.34057428,4.330357594,4.551944423,4.622088914,4.417560995,4.190402588,4.445640612,4.717092106,35-49_female
6.46932578,6.538053879,6.524983926,6.146131669,6.645381483,6.51154848,6.547794543,6.4407105,6.660186206,6.567046017,25-34_male
3.35055526,3.072498943,3.130081362,2.890642051,2.800255122,2.720370012,2.805885956,3.142361362,2.775087165,2.993529826,50-64_male
3.30188687,3.308309845,3.392109474,2.897248151,3.364094729,3.48487717,3.364392026,3.111222221,2.994146476,3.164840236,35-49_female
5.182028415,5.138971246,5.296741522,4.760989677,5.670080807,5.441047055,5.322397593,4.872577165,4.833510018,4.346174438,50-64_female
4.85198546,4.809211565,4.583264483,4.203745402,4.983750705,4.926008031,4.688313581,4.516671766,4.574554629,4.788029053,50-64_female
4.257650763,4.267148701,4.326930565,3.759232138,4.245890544,4.265043439,4.207403348,4.191155468,4.238209564,4.445872823,18-24_male
3.234995255,3.089261791,3.15225001,2.78634835,3.455691482,3.137435391,3.127633075,3.087138373,3.025515818,2.626391325,25-34_female
4.432539016,4.357268547,4.251033814,3.930849761,4.490068395,4.446570045,4.2420354,4.34215745,4.450481318,4.327463102,50-64_male
5.849914591,5.948131528,5.72594593,5.262610763,5.987149108,5.972911508,5.817356172,5.671612611,5.791694444,5.776712381,50-64_male
3.734384227,3.677899834,3.54650137,3.234961385,3.722334862,3.526897746,3.446842629,3.621120476,3.469037424,3.404243763,50-64_male
4.170033069,4.105696462,3.918718898,3.423610983,4.287133811,4.127279837,4.110929799,3.955843583,4.063825182,3.91249979,18-24_male
5.240013176,5.216622007,5.1259842,4.703134988,5.292579241,5.165068151,5.151103037,4.82277722,5.018399134,4.835777017,25-34_female
4.386935793,4.338003838,4.264591015,3.948313074,4.324103963,4.256586827,4.338225976,4.280698352,4.752679009,4.619268859,25-34_male
3.289761367,3.364766989,3.254000018,3.114458794,3.374863193,3.201687184,3.152260793,3.215704107,3.177422454,3.110956565,18-24_male
4.249353661,4.243830098,4.376140206,4.030326565,4.649362645,4.393317253,4.2616547,4.029809638,3.813735643,3.242182319,35-49_male
4.566612008,4.229989184,4.080188648,3.801309839,4.187037959,4.12117997,4.162034282,4.288613471,4.078723072,4.227098641,35-49_male
3.506541838,3.335077574,3.264262391,3.021994716,3.48728215,3.322837663,3.352125115,3.173195259,3.447895563,3.380888591,35-49_female
5.284547853,5.256887533,5.18412118,4.752301387,5.470148158,5.313449065,5.244415082,5.121697461,5.152271424,5.219078282,50-64_female
6.01682261,5.917080399,5.859112543,5.451045046,5.842017555,5.83200256,5.710406896,5.891112841,5.863320899,5.734131585,50-64_male
3.047203843,3.077326772,3.042409275,2.772111046,2.754289854,3.080855502,2.944546046,2.923068266,3.08344767,3.492879586,35-49_female
4.781892803,4.738545134,4.578256693,4.028626505,4.872074909,4.837657964,4.791638501,4.521257766,4.749340378,4.836760171,25-34_female
5.099366752,5.11487155,4.966590745,4.784952356,5.165993061,5.018874698,4.959290077,4.983289736,5.121333723,4.979475317,35-49_female
4.093374334,4.020881839,3.884085844,3.642228173,3.988600562,4.11738538,3.911274883,3.749045584,3.842546617,3.670504747,50-64_female
5.62248818,5.580539915,5.391058529,5.069334751,5.669826258,5.609488612,5.519860671,5.40100354,5.58129439,5.343265139,50-64_male
5.202011619,5.191081998,5.036859481,4.568815248,5.252110195,5.130235872,5.063396878,4.938068167,5.092686564,4.918297836,50-64_female
5.426069043,5.435949308,5.490970356,5.340637033,5.854583623,5.819914357,5.475346989,5.151755917,5.007577696,4.774499119,50-64_female
6.612418179,6.657012455,6.48026455,5.908277623,6.631028853,6.686751773,6.574328281,6.574093172,6.930411066,6.764361398,25-34_male
4.997270144,4.980893497,4.824932904,4.69581895,5.066994343,4.862159075,4.812323871,4.780232135,4.669230895,4.733369945,50-64_male
5.477521075,5.522176547,5.453453143,5.090942664,5.30325433,5.40423154,5.339781358,5.351898417,5.619328889,5.714876132,50-64_female
3.411556369,3.017483169,2.870768895,2.863181911,2.850611873,2.734045542,2.72872447,3.067615443,2.92307698,3.095151021,35-49_male
5.654073335,5.578205014,5.729206677,5.221832966,6.147189376,5.900473619,5.736936755,5.473618317,5.356123922,4.820016217,35-49_male
4.461080804,4.595730326,4.551243316,3.966894719,4.723816932,4.587712985,4.670197915,4.257977547,4.334899688,4.311776828,35-49_male
5.156938318,5.033602691,5.124563757,4.715694353,5.468500487,5.402484675,5.143484069,4.789518848,4.802923062,4.530210065,25-34_female
4.228752452,4.238179186,4.197311389,3.944359454,4.046662025,4.108207965,4.086992904,4.003105714,4.021532372,4.051126583,50-64_female
4.453706435,4.306122955,4.326864887,4.268559876,4.321021638,4.320249118,4.254670991,4.276889419,4.522653666,4.693593729,18-24_female
4.865727097,4.708893737,4.704760249,4.397575685,4.745224363,4.689636565,4.652139011,4.718505193,4.975620643,5.079960941,18-24_male
4.78403948,4.527751365,4.465477676,4.129580001,4.767908545,4.531310064,4.518648546,4.534153559,4.622005563,4.769338417,25-34_female
4.727930284,4.765784642,4.649307977,4.057965502,4.872989805,4.776801238,4.66362872,4.536982831,4.55300726,4.758993617,35-49_male
5.533857665,5.457413216,5.543226137,5.020791718,5.432304473,5.33313065,5.32282491,5.413704434,5.728743534,5.370040873,25-34_female
4.177943603,4.138803279,4.103262145,3.85935449,3.965115123,4.14221623,4.039818183,4.088449523,4.408880397,4.769039257,35-49_male
3.367979745,3.392534485,3.310154425,2.784786255,3.443717726,3.268518634,3.091585524,3.240271613,3.006715262,2.912037774,35-49_female
5.162847379,5.061281916,5.003220534,4.55128079,4.922815773,4.934450134,4.942165715,4.798362741,4.9841218,5.113207819,25-34_female
3.860022808,3.850244101,3.672401682,3.35473126,3.957799385,3.842579549,3.745563801,3.525435937,3.55180393,3.895649084,18-24_male
4.846407263,4.836804752,4.718240164,4.315414485,5.027429359,4.946415009,4.860111745,4.463593902,4.517993037,4.572343533,35-49_female
2.613852678,2.427138767,2.553725277,2.146291724,2.450916651,2.377333193,2.298524163,2.369602276,2.272783889,2.165720155,50-64_male
3.862930649,3.641178469,3.554676492,3.245165515,3.871639681,3.561079686,3.514388635,3.694370755,3.288302915,3.309694247,35-49_female
4.701842077,4.706047765,4.685593807,4.412037383,4.812537827,4.735546138,4.717390869,4.634945656,4.87882712,4.953145587,18-24_male
4.493147386,4.457592067,4.235251218,3.862073178,4.495101848,4.601137067,4.585592313,4.443110759,4.628659706,4.767220154,18-24_female
5.026758065,4.903433414,4.883166569,4.449916629,5.121533898,4.974465461,4.888088535,4.747474223,4.922519814,4.810501998,25-34_male
3.587596168,3.616184799,3.422922935,3.01350632,3.555955476,3.394867117,3.367124904,3.422998832,3.544583328,3.477872732,25-34_male
6.927336814,6.918508171,6.863497997,6.640726585,7.006717536,6.946181384,6.843456845,6.85679851,7.048984068,7.146615958,50-64_male
4.742806554,4.708496803,4.732021271,4.516068605,5.311790975,5.137331108,5.017574828,4.76588422,5.041800566,4.877459075,35-49_female
4.860273209,4.93627164,4.848850923,4.40006615,4.933022023,5.014120227,4.871257136,4.676853967,4.759744771,4.367108922,35-49_female
3.450840635,3.52580586,3.725465837,3.271122423,3.342395146,3.530083673,3.496515871,3.476073538,3.641347067,3.918031841,25-34_male
4.980908682,4.925765504,5.036887779,4.776900992,5.525291781,5.273666356,5.220360103,4.784010817,4.653429486,4.147217251,35-49_female
3.426268958,3.297707366,3.212680309,2.838637162,3.24843502,3.210644724,3.103475972,3.337699723,3.245979241,3.184588767,18-24_female
4.622258944,4.691593225,4.795298841,4.20158524,4.912386011,4.869423009,4.790794901,4.600343921,4.555822945,4.608140101,50-64_female
3.678770398,3.811745621,3.868378419,3.337175811,3.791340691,3.876325051,3.768179128,3.647093284,3.452045313,3.934213541,18-24_female
4.567477768,4.591666671,4.462987521,3.913810062,4.72708773,4.597267107,4.479016924,4.418231759,4.415985127,4.090614697,18-24_female
4.078648973,3.961641407,3.932567777,3.780532918,4.046209106,3.918791875,3.936730202,4.006474154,4.290668088,4.432902032,25-34_female
3.481124163,3.136257194,3.104487548,2.635822391,3.212423112,2.986874743,3.025893209,2.938332523,2.726061238,2.561937069,35-49_male
4.74378136,4.755395078,4.604792331,4.109010786,4.932669835,4.800203857,4.669313876,4.629281231,4.584118662,4.563163296,50-64_male
3.496476116,3.250469947,3.202878111,2.736181285,3.236957497,3.055825079,3.058536107,3.010240647,2.645849902,2.737324509,35-49_male
7.232234877,7.165511346,7.007164079,6.946458658,7.099942087,7.049290501,7.026137859,6.990381293,7.2008943,7.51370132,25-34_female
4.78227351,4.855690068,4.966100908,4.608447128,5.401906286,5.167957369,5.017273742,4.800296137,4.732120231,4.167336679,50-64_male
4.005456088,4.144706539,3.893213505,3.376086048,4.099565603,4.213250136,3.9802811,3.849552526,3.650946189,3.860670917,35-49_male
3.958580064,3.878512321,3.809697826,3.285933296,4.102975161,3.74086443,3.779446735,3.789491228,3.722398226,3.654348738,35-49_female
4.265903178,4.308826074,4.306261092,3.540091006,4.35668903,4.213368048,4.180607167,4.084014144,3.936254048,3.761731618,50-64_male
3.544679581,3.453589846,3.333279413,3.003853675,3.535373317,3.371040663,3.238496268,3.350862923,3.120785593,3.033948979,35-49_female
3.268205819,3.244200161,3.388493841,3.07803509,3.25589621,3.139063861,3.125841367,3.072810966,2.98407969,3.027576464,35-49_male
5.29517271,5.225191278,5.13992254,4.892020981,5.191216306,5.136586072,5.124835145,5.241706337,5.434780839,5.619140033,18-24_male
3.594057573,3.592627116,3.341894727,2.946975097,3.58100928,3.532920341,3.364703917,3.305194583,3.221594337,3.410878396,25-34_male
4.100596825,4.153699222,3.926959226,3.382034724,4.176462337,4.093214224,4.159718935,4.010491341,4.309870743,4.264318998,25-34_female
3.129105938,3.318099374,3.226043045,2.917691279,3.312733564,3.326081987,3.145699849,2.990444425,2.690403653,2.823060795,35-49_female
3.852520437,3.792816028,3.6055939,3.513748818,3.951486165,3.862693242,3.806854453,3.454523277,3.561045294,3.929154927,35-49_female
3.632053401,3.630719824,3.628152961,3.062904793,3.714080421,3.523040272,3.447256184,3.373204475,3.204735347,2.928007359,35-49_female
3.855443006,3.810093531,3.595040698,3.271685394,4.031092369,3.696871645,3.722708342,3.825968151,3.581668151,3.604115823,18-24_female
4.437255155,4.381652741,4.382903665,3.832731511,4.382571304,4.385638271,4.292512149,4.137068002,4.0028628,4.037068879,35-49_male
4.245378097,4.160652744,4.181573667,3.955614449,4.222252659,4.237649101,4.133258485,4.063159306,4.201830746,4.23900472,18-24_female
4.381545667,4.349630181,4.316055523,3.763998256,4.53718829,4.358921413,4.399470728,4.009190646,4.170110719,4.220012274,18-24_female
4.042737735,4.130859594,4.012743038,3.658977872,3.962816201,4.100540141,3.814339982,3.853960416,3.831583679,4.009395383,25-34_female
4.761303119,4.621287857,4.667806442,4.021439334,4.89306086,4.857491875,4.621458248,4.643337399,4.77224754,4.360501844,18-24_female
3.6708271,3.672491509,3.756187876,3.319947662,3.852362438,3.546084661,3.577719571,3.497488207,3.536737078,3.255432417,35-49_female
5.421004264,5.486192451,5.360764132,4.886228862,5.451818354,5.439473414,5.363274248,5.227549732,5.368697602,5.355648359,35-49_female
3.539581512,3.490091006,3.493511474,3.183700842,3.475378049,3.474615746,3.451536915,3.358986076,3.586106739,3.766561769,35-49_female
3.007820085,3.153481479,3.239025202,2.973240238,3.080717664,3.27189076,3.155233657,2.785061372,2.46898069,2.303347062,50-64_male
3.090685328,2.805769275,2.784310098,2.666123418,2.773183719,2.55451888,2.604483331,2.925176346,2.610367338,2.544962072,25-34_female
4.82402998,4.918947807,4.739048305,4.229497933,4.678026522,4.750650608,4.705979468,4.587496819,4.4711316,4.574280162,18-24_female
3.909485795,3.739768219,3.589434751,3.475738479,3.948745068,3.829816343,3.766944394,3.435749769,3.486553086,3.692013485,25-34_female
4.671551986,4.649355501,4.450293672,3.927742735,4.927854296,4.676817354,4.503379079,4.548585688,4.223377768,4.328374428,35-49_female
3.464268287,3.33952225,3.364067077,3.104936303,3.350192472,3.249905016,3.171955428,3.230329155,3.264220046,3.560838826,18-24_male
4.077859944,4.030394345,3.913266586,3.790804237,3.926381391,3.812496049,3.929398867,3.954588759,4.18695735,4.445524055,25-34_male
3.582799967,3.420279168,3.344165269,2.925974092,3.573207236,3.323995539,3.360021966,3.412204294,3.262156035,3.338631778,25-34_female
3.636717862,3.819695045,3.792161734,3.17013674,3.905640166,3.727183559,3.705402917,3.548239756,3.631860822,3.416705665,35-49_female
3.851962095,3.770081765,3.594794777,3.375675743,3.880749047,3.720986486,3.694666233,3.56729683,3.732323514,3.832368348,18-24_female
5.529404816,5.603060029,5.646446595,4.855860296,5.469236066,5.444689996,5.451410635,5.436868136,5.583759031,5.413327591,25-34_male
3.477065956,3.660703323,3.640907499,3.092241774,3.740694107,3.683014206,3.631609403,3.394839054,3.312113345,3.10488385,25-34_female
4.753082748,4.652011238,4.66953663,4.322714838,4.679498716,4.679481927,4.636630987,4.702544094,5.092771535,5.368277843,18-24_male
4.111076081,3.965640936,4.022372189,3.842589327,4.037351799,4.009977485,3.86753572,4.113075527,4.621283057,4.567017582,25-34_female
3.448072476,3.413102047,3.356760328,2.936312637,3.684207807,3.405380335,3.370042258,3.320801316,3.38822626,3.126322677,18-24_male
5.08436065,5.098082162,5.059912485,4.76963595,5.025307565,5.029620057,5.02130094,5.112398439,5.254723949,5.559931153,18-24_male
3.772764068,3.759962349,3.535645825,3.358769821,3.93639559,3.98717547,3.608041812,3.402210056,3.536577501,3.459950849,50-64_male
4.824397779,4.700615743,4.582532473,4.392878921,4.565863164,4.612515008,4.583675807,4.493972565,4.573745117,5.010140482,25-34_male
4.276591581,4.205821943,3.951467099,3.808326088,4.289353471,4.394681966,4.239132902,3.884989146,4.008419506,4.440411371,50-64_male
4.248242495,4.24969882,4.242303189,3.558474989,4.337595167,4.253903436,4.263667528,4.137117786,4.058303194,4.121681825,25-34_male
4.830272356,4.699431287,4.67302973,4.186001006,4.812609833,4.695805507,4.52664454,4.552952743,4.45492906,4.331970487,18-24_female
3.09526592,3.042850403,2.925644812,2.623522319,3.060521573,2.809329163,2.778142427,2.903814942,2.736831182,2.570830222,25-34_female
4.381500314,4.126867547,4.046836643,3.833711921,4.165102123,3.953687027,4.011238838,4.188666664,4.176654357,4.387787613,18-24_male
4.746019478,4.788103044,4.742595158,4.158056567,5.038451232,4.873570811,4.782087523,4.659920737,4.526307051,4.554525795,50-64_male
3.475643285,3.368865415,3.221481735,2.864312043,3.314644528,3.180203593,3.070031324,3.351931661,3.097037036,3.054425754,35-49_male
3.270395623,3.311013607,3.617296114,3.147861512,3.334509838,3.258185372,3.159723109,3.386183054,3.231464531,3.405090868,25-34_male
4.62201246,4.602554475,4.62113865,4.01647529,4.64099062,4.3279505,4.479149815,4.524818517,4.760533364,4.653261287,25-34_male
5.440986076,5.293910871,5.209233348,4.789519305,5.076736414,5.270186708,5.18324458,5.019252165,5.274236978,5.064377338,50-64_female
3.90084562,3.783786999,3.677869997,3.195317487,3.811765569,3.712159234,3.582468381,3.750987655,3.439514885,3.182053916,35-49_female
4.646781107,4.701037569,4.448568799,4.180146442,4.650472493,4.703702476,4.642406384,4.62743232,4.552754215,4.599245872,50-64_male
4.253258409,4.266423978,4.441324535,3.769149218,4.396843083,4.247816586,4.236842874,3.975393191,3.921297038,3.779327812,25-34_female
4.739625683,4.842521135,4.878984016,4.475947859,4.775856076,4.680348037,4.766675823,4.628075281,4.81053347,4.810115714,50-64_male
6.840447158,6.720485929,6.538628332,6.13542099,6.891850515,6.633640133,6.60862719,6.630293484,6.698060574,6.379716144,50-64_female
3.725173298,3.716104428,3.624407357,3.252920631,3.854240301,3.781359487,3.520867981,3.49022196,3.383651014,3.253147365,35-49_female
5.725576648,5.795335317,5.638598325,4.971954199,5.925918385,5.88907687,5.740873187,5.653857734,5.864347901,5.64260335,50-64_male
5.13400388,4.991935071,4.906400854,4.418335233,5.326089365,5.245876336,5.045325554,4.79312202,4.985185127,4.961927643,18-24_male
3.670009535,3.660318809,3.519300736,3.092841658,3.763531535,3.487596083,3.533530277,3.498400064,3.66431531,3.629295255,35-49_male
4.936774813,5.117225718,4.887242724,4.49671096,5.069551507,5.007619824,4.893873947,4.748390543,4.72439727,4.549046604,35-49_female
4.418117743,4.557351074,4.250572869,4.018459565,4.461590794,4.623860851,4.349797794,4.164224453,4.118399254,4.387111044,35-49_male
6.237785868,6.290250576,6.086432758,5.473293785,6.280405962,6.299952345,6.171955849,6.153615271,6.466303123,6.346922822,50-64_female
5.542197123,5.459507435,5.498225967,4.860114348,5.86240046,5.81476826,5.667488657,5.231890128,5.210829103,5.261985543,50-64_female
3.830257849,3.641445609,3.699372006,3.226198839,3.444344812,3.433179855,3.517643446,3.756895963,3.714372541,3.768188632,25-34_male
4.261386267,4.338459725,4.271495869,3.728530572,4.286306571,4.277083224,4.289656575,4.141467747,4.333453546,4.284037478,25-34_male
3.093003928,2.967136782,2.89995528,2.507997476,2.88181977,2.786747948,2.698134109,2.924941773,2.49829275,2.548638942,25-34_male
3.622818218,3.581357124,3.559640989,3.44389799,3.476608298,3.440048537,3.485320217,3.613602292,3.885777755,4.075212346,18-24_female
5.007792457,4.971350979,4.760980871,4.571390319,5.066850876,5.182073219,4.945150727,4.611625589,4.699028172,4.73229537,35-49_female
3.65817982,3.66765583,3.671637338,3.196426464,3.789350905,3.583534179,3.578678662,3.45218933,3.437392932,3.148744474,50-64_female
3.670907484,3.566497643,3.5559229,3.163732819,3.510822853,3.387343576,3.266006216,3.246211336,2.939995283,2.841766405,18-24_male
4.415548295,4.244024012,4.39831719,4.193703148,4.546492761,4.316092483,4.358560425,4.326456741,4.535743877,4.323172621,18-24_female
3.526720579,3.5663253,3.625056844,3.194347297,3.406546821,3.471034067,3.403075807,3.43592613,3.466467572,3.538933702,50-64_male
3.190448636,3.419662943,3.605121272,2.665078633,3.315687109,3.453945977,3.286937956,3.276101633,3.101981443,3.020665526,50-64_male
4.084182926,3.897188481,3.834238963,3.382014665,4.190347416,3.952802263,3.971420326,3.85183256,3.62724704,3.81254824,18-24_male
3.976064269,4.005919871,3.798619195,3.621468721,3.930102484,3.925151384,3.861971073,3.559748358,3.690477853,3.564628018,18-24_female
4.951539829,5.013235055,4.929374395,4.271035148,5.138955886,5.137718565,5.001661979,4.848799712,4.75704496,4.864913525,18-24_male
5.788397415,5.614719227,5.503065039,5.062546918,5.547495766,5.553399991,5.475869202,5.495623416,5.541588823,5.439510864,25-34_female
5.39394514,5.413601768,5.366796508,4.672561231,5.703539492,5.447272888,5.461977101,5.304262867,5.378353677,5.185473542,50-64_male
4.453186003,4.146535574,4.002553722,3.7650803,3.873304217,4.205973477,4.031599871,3.910652671,4.120575753,4.432260198,35-49_female
5.199915776,5.19341344,5.136607343,4.626364992,5.525147838,5.314733786,5.374058818,4.978685583,5.163961852,5.216961494,18-24_female
5.109948799,4.776126924,4.708461385,4.39626756,4.702866334,4.561168447,4.71714342,4.813107104,4.926800194,4.78439133,25-34_female
3.201172437,3.138351925,3.127535861,2.576998601,3.174887097,2.988024314,2.938599645,3.088816353,2.847117897,2.676243861,35-49_female
3.373907727,3.42672409,3.583242041,2.97794209,3.435956462,3.496079524,3.331643396,3.315904841,3.060514897,2.914120634,18-24_female
4.065570014,4.122147125,4.054903778,3.388552604,4.238235125,4.149645507,4.089066918,3.904999097,4.041294272,4.138424824,35-49_male
6.233925365,6.196161172,6.047612631,5.594379837,6.084852153,6.033306557,5.943337416,6.126791771,5.988545371,5.990230995,50-64_female
3.271936396,3.339700954,3.283207016,2.904466377,3.305898104,3.374249423,3.140218099,3.115961683,3.216682627,3.29877237,18-24_male
3.969541393,4.084352604,4.003920678,3.972665846,4.029062325,4.002280608,3.917845568,4.045926149,4.052930473,4.03124626,25-34_female
4.885408029,4.565127294,4.51649958,4.325048469,4.376625967,4.632816567,4.492756786,4.499408734,5.235808899,5.565118004,18-24_female
3.083370021,2.960304034,3.028123919,2.61078153,2.928999073,2.742010973,2.768529927,2.913764064,2.637258991,2.467770393,50-64_female
5.646250493,5.586311995,5.603465164,4.963244989,5.656153343,5.557619792,5.53296026,5.378849852,5.475379995,5.403012438,35-49_male
3.692558508,3.624535584,3.611099774,3.272508012,3.208604374,3.54109706,3.458529972,3.634422403,3.872229407,4.101348816,50-64_female
4.398330173,4.291851652,4.291801478,3.819611999,4.490034429,4.300381071,4.307671024,4.192394047,4.205059473,4.008249636,18-24_male
5.34638625,5.191819797,5.253139062,4.790404232,5.269568295,5.107424262,5.103005374,5.003671594,5.178469685,5.015179614,50-64_male
4.131047139,4.165821428,4.062152022,3.644177963,4.333227634,4.153247591,4.049208743,3.952928547,3.867642738,3.56751132,18-24_male
4.654850479,4.563587027,4.391354034,4.33012206,4.476158998,4.485874425,4.419239863,4.386024183,4.708325549,4.881975419,18-24_male
4.111927898,3.998227953,3.987867373,3.53242723,3.991869463,3.812642771,3.849299721,3.930759821,3.968051676,4.30009895,25-34_male
6.063726466,6.070484902,6.081651917,5.372545898,6.350787878,6.13062363,6.098208024,5.924060312,6.027914027,5.995522676,50-64_male
4.311465958,4.141279356,4.094021221,3.926668706,3.870845434,3.834009482,3.935830639,3.930900587,4.407174683,4.630822294,18-24_male
5.898315781,5.602650113,5.518729666,5.515328258,5.81493044,5.413025001,5.502185288,5.475807138,5.712374156,5.399325802,35-49_female
3.718529958,3.388350788,3.383015101,3.071888353,3.327927341,3.04291876,3.145106028,3.416143448,3.137302973,3.301353801,25-34_female
4.698877741,4.842768348,4.869019732,4.307907354,4.809124229,4.83493183,4.845611161,4.702689458,4.623209798,4.743507667,50-64_female
4.569951841,4.735766808,4.613683208,3.893285256,4.856221534,4.579595431,4.545590916,4.385991631,4.459680304,3.904201084,50-64_male
4.288041916,4.44346954,4.335715389,3.836743843,4.312784192,4.375295651,4.223739705,4.112660172,4.143673218,4.431189916,25-34_female
4.82084212,4.814586966,4.792615733,4.612918508,5.312828185,5.163416481,4.963403227,4.67551535,4.817783456,4.337805975,35-49_female
4.374058702,4.604403274,4.640355473,3.812749257,4.737972075,4.531283166,4.553536383,4.355580598,4.357485376,4.121308533,50-64_female
2.858410141,2.904390145,3.058960116,2.565829799,2.858810637,2.975390421,2.854056941,2.694309311,2.928610343,2.957734424,18-24_male
4.92531458,4.72396463,4.774086165,4.537452861,5.253820922,5.128891684,5.076633187,4.61287577,4.670157916,4.385778414,25-34_male
4.841997868,4.707397511,4.543064476,4.079245778,4.827490703,4.717087379,4.585660339,4.615772985,4.548604653,4.559190748,18-24_female
2.65795475,2.41635993,2.434700777,2.126189395,2.242604259,2.241924172,2.197908446,2.361769826,2.137405205,2.34921431,18-24_female
4.379633063,4.300355431,4.204623712,3.663021596,4.354306366,4.137409608,4.209809589,4.243703227,4.143938272,4.323016422,35-49_female
4.227931123,4.070143649,3.985908246,3.636038524,4.27370645,4.135558595,4.068687149,3.628868074,3.607404284,3.726176962,50-64_female
5.264772904,5.419978651,5.298342763,4.645250011,5.458310663,5.456143262,5.338120479,5.14359316,5.125103864,5.10889118,18-24_female
5.275113531,5.145315099,4.954945236,4.88954337,4.87331556,4.889448985,4.937911733,5.150336515,5.255931852,5.66021944,25-34_female
6.480161624,6.465850048,6.385117865,6.269251474,6.557064939,6.5012496,6.478397653,6.461364637,6.743006534,6.812955612,18-24_female
4.775119295,4.669862095,4.609544776,4.164794206,4.5167422,4.498109604,4.435207953,4.47535102,4.601096581,4.602981119,50-64_male
4.478464232,4.405880498,4.448649519,4.157513909,4.975504884,4.607513685,4.656895796,4.360983574,4.489253609,4.191387949,50-64_male
3.528534564,3.737090259,3.608387846,3.242768968,3.908356767,3.748946101,3.576833314,3.566929715,3.656856678,3.572713557,25-34_female
3.166119919,3.049204989,3.092705372,2.70401658,3.033371568,2.898186709,2.739101107,2.945755383,2.491475388,2.312750327,18-24_female
4.842848725,4.809883059,4.764294332,4.456043281,5.237885936,5.163334219,5.062999953,4.670496619,4.633220051,4.435780954,35-49_female
3.467515079,3.245978802,3.327085133,2.712546439,3.195495983,2.996718925,3.10568995,3.246363607,2.821773733,2.729501059,35-49_female
4.83715791,4.79550311,4.669060867,4.212222481,4.892301346,5.04670959,4.877206598,4.526198706,4.530121249,4.601252946,35-49_female
5.067958528,5.033625623,4.97025402,4.78530031,5.401029925,5.377553687,5.113161073,4.779916295,4.760865078,4.399641985,50-64_male
5.041025842,4.99727853,4.979409176,4.2900748,5.058547133,4.995224851,4.950813089,4.964671967,5.106677713,5.269201743,18-24_male
4.847054287,4.673712982,4.513070803,3.960539013,4.686436564,4.481614902,4.576412471,4.624184442,4.346138461,4.580607882,18-24_male
5.340371613,5.171839596,5.081408504,4.560080892,5.096380766,5.067189028,5.027854138,5.066954413,5.125266115,5.289205471,35-49_male
4.531343587,4.562073947,4.481307626,3.872048634,4.718130652,4.607100454,4.604258021,4.486867238,4.785842061,4.814485129,35-49_female
4.317080838,4.377376859,4.215533252,3.78916142,4.391516967,4.551052973,4.238940897,4.177129061,4.043232799,3.986009917,25-34_female
4.582786574,4.459685436,4.487818715,4.295871725,4.855172614,4.628114339,4.596468078,4.331952602,4.280362074,3.581708526,35-49_male
5.136373767,5.10638174,5.069025892,4.672296295,5.393160327,5.162968916,5.099932641,5.016742758,5.051946293,4.882622299,50-64_female
3.445077697,3.438676804,3.521082115,2.934072936,3.339800537,3.264721151,3.370027536,3.399045491,3.412458153,3.702844147,18-24_male
6.228995656,6.294289061,6.191925171,5.534440437,6.390912505,6.441150643,6.311850103,6.142909996,6.268444358,6.118327345,50-64_female
3.204074684,3.270448002,3.405646586,2.856080742,3.141032646,3.265675981,3.158502089,2.920323704,2.795100812,2.961131776,50-64_female
3.477215864,3.46270902,3.450624178,2.933120995,3.50962533,3.159186438,3.292156313,3.332884061,2.998085872,2.877328877,18-24_male
5.725774818,5.701236397,5.604457738,5.089502503,5.890137928,5.776030269,5.669944479,5.605231342,5.710881828,5.847296315,18-24_male
3.916873996,3.983386626,3.881557501,3.602356047,4.036012057,3.842542042,3.781784975,4.007695389,4.255723096,4.146748491,25-34_female
4.308064675,4.446660045,4.383318173,3.846160447,4.505225535,4.28396516,4.331845994,4.096795149,3.956346372,3.813808609,50-64_male
2.920798523,2.875799137,2.919322099,2.511369351,2.779590563,2.716657854,2.530858429,2.868718249,2.483767168,2.454713551,35-49_female
3.283219593,3.025606309,2.929679031,2.652737643,2.954385376,2.875336652,2.808901903,2.985034878,2.889952489,3.094034694,35-49_male
4.634246443,4.71851487,4.884975555,4.217010767,4.826366139,4.721524064,4.593520893,4.591835831,4.635718271,4.278418771,35-49_male
3.505020571,3.422784939,3.358500044,3.092831886,3.421887162,3.483828104,3.385679633,3.160395135,3.135962795,3.530602433,50-64_female
4.530803673,4.411430002,4.543488102,4.073988341,4.508697455,4.368582142,4.427069158,4.410495586,4.558478746,4.368056659,18-24_male
4.461732495,4.336454584,4.334614346,3.851328257,4.238282837,4.237896066,4.277669761,4.296511405,4.631131531,4.898689443,18-24_male
5.487661485,5.308649498,5.223168855,4.723171525,5.245076461,5.194968335,5.238073043,5.081060362,5.256124557,5.309334583,35-49_female
3.636975378,3.517178633,3.483128075,3.413681286,3.461626845,3.452552218,3.391610569,3.428851513,3.650886362,3.752067734,35-49_male
4.138733319,4.172945894,3.955015802,3.558997466,4.294796534,4.353140464,4.045839978,3.978527407,3.908864204,3.558945439,18-24_female
5.151389202,5.17744765,5.243531372,4.804760676,5.704441297,5.46483411,5.322549633,5.061518734,5.062572484,4.58965139,35-49_female
6.016293459,5.861665256,5.723866806,5.533629259,5.730256258,5.646472307,5.726433754,5.787056445,5.887430713,6.402917539,25-34_female
5.98140181,5.808514777,5.847872548,5.20394731,5.974891798,5.867428791,5.870569971,5.811625963,5.975795362,5.616627032,25-34_male
4.018257961,3.966015412,4.116551745,3.647791212,3.788126135,3.794154089,3.913272594,3.999608491,3.988031666,4.176550894,25-34_male
4.88084288,4.738016884,4.579923047,4.07761775,4.989105923,4.807605277,4.670812011,4.742549325,4.413141799,4.416458347,25-34_male
5.367467653,5.386224927,5.278796816,4.995272715,5.64716509,5.621854021,5.317742598,5.063612723,5.199750174,5.101371736,50-64_female
3.613255422,3.455151259,3.396988535,2.99337865,3.607093016,3.257387963,3.314378081,3.510366112,3.205893604,3.381843467,18-24_male
4.437986297,4.479488207,4.353337402,3.931996817,4.620122922,4.450092641,4.340106039,4.215644133,4.232642923,4.209098759,25-34_male
2.750526148,2.53898632,2.69506557,2.391527552,2.575770924,2.38039038,2.423656967,2.437310889,2.118115502,2.016828165,50-64_male
3.502852371,3.552937898,3.408662635,3.071395103,3.318037191,3.467849602,3.369966225,3.054787366,3.144997513,3.566853252,35-49_female
4.427010762,4.696353976,4.744423073,4.131800545,4.71009786,4.571220389,4.560746181,4.466647357,4.369251662,4.403982183,50-64_male
4.084684839,4.293503578,3.945276529,3.659034054,4.439521169,4.328560696,4.174988607,4.282623355,4.261015483,4.242448267,35-49_female
3.389584959,3.430147234,3.294014446,2.855167704,3.439721929,3.307127981,3.192889345,3.233236555,3.279776676,3.199770551,50-64_female
3.394403255,3.096322353,3.035182572,2.656122288,2.878456901,2.742469971,2.820318577,3.179523224,2.969968183,3.150097823,50-64_female
7.278512016,7.325716086,7.245834607,6.693091013,7.272053229,7.336972713,7.262270272,7.210418804,7.333488716,7.305978356,50-64_male
4.305530055,4.363212223,4.31042161,3.820772723,4.526123167,4.248467819,4.294277685,4.039391487,4.001447798,3.811362905,35-49_female
6.634773147,6.637007847,6.48233503,6.328278732,6.692761404,6.608962733,6.612946058,6.597285352,6.873672338,6.846952541,50-64_female
3.487755863,3.563258671,3.580761992,3.27251,3.414645909,3.595091101,3.454204914,3.341689881,3.076434804,3.49355141,50-64_female
5.059959202,4.995079452,5.185154578,4.458957833,5.272259553,5.004231838,5.014178409,4.841514534,4.800593749,4.492225328,35-49_male
5.031782729,4.880458585,4.791289845,4.127181856,4.705172085,4.757827562,4.681361522,4.801102578,4.602769439,4.537379814,35-49_female
3.10642228,3.056483463,3.221157642,2.574178399,2.938096792,2.940249771,2.986806843,2.939659577,2.694384756,2.593134691,35-49_female
4.188676248,4.090299522,4.146797037,3.831336514,4.126851995,4.026029623,4.049994743,4.14660657,4.351205874,4.332263193,18-24_female
5.017232708,4.983024922,4.942333198,4.574022487,4.962966497,4.930492204,4.893642575,4.94285648,5.259982734,5.383200665,18-24_female
3.409365264,3.243227892,3.195238127,2.852158082,3.572912385,3.377486796,3.20083802,3.172982701,3.175844191,2.909246271,18-24_female
4.566367809,4.435395157,4.477418889,4.05029081,4.334959284,4.389610359,4.428548283,4.454403371,4.773986655,4.992388619,18-24_female
4.014933583,3.856188231,3.811849006,3.634098255,4.107507641,3.752349221,3.83262723,3.844582369,3.775387646,3.847116367,35-49_female
3.568112476,3.507770247,3.321199275,2.944845671,3.645478928,3.406643218,3.246913199,3.313206358,3.118738116,3.116769919,25-34_female
4.380053027,4.386076559,4.250311085,4.10917552,4.394605972,4.521312896,4.298378933,4.085398091,4.076446617,3.924600288,35-49_male
5.227883178,5.173719325,5.076694277,4.815994247,5.01424016,5.098798973,5.085987696,5.095383372,5.473939063,5.641312012,25-34_female
4.543048132,4.612216572,4.615242042,4.090491509,4.577056783,4.520365997,4.434444679,4.542612554,4.567217792,4.272529433,35-49_male
4.727641647,4.619901328,4.328939782,4.069349912,4.451158222,4.53968173,4.467662987,4.353399317,4.509271561,4.573606514,25-34_female
3.886353526,3.550432095,3.501557285,3.273560167,3.613526371,3.484383518,3.500034651,3.602842508,3.316294312,3.525648924,25-34_male
3.217169075,3.409311577,3.53425289,2.869323437,3.291036707,3.38378789,3.322300113,3.154044282,3.082597943,3.036972026,50-64_male
4.947372721,4.829068195,4.617644564,4.597306802,5.054959531,5.042349025,4.848694899,4.638779119,4.555983237,4.425605137,25-34_male
2.992376293,2.634249152,2.75417232,2.528265459,2.819516133,2.479944238,2.643481172,2.754233855,2.624937081,2.360518823,35-49_male
3.948962567,4.027962753,3.874746019,3.823081721,4.000796816,3.906968468,3.752157119,3.577117893,3.522941935,3.628525812,50-64_male
4.728680699,4.698348747,4.500384666,4.279807225,4.740242197,4.651153239,4.553149634,4.566347214,4.748671241,4.579184734,35-49_male
4.497485924,4.74819452,4.494543567,3.947982998,4.806335322,4.771326184,4.635258409,4.393675034,4.456098032,4.572291583,50-64_male
5.476737806,5.465057385,5.340421063,4.795945067,5.535054516,5.458774453,5.322217509,5.135857858,5.203550123,5.167010937,35-49_male
4.888435504,4.761272116,4.719417374,4.610188618,4.761445711,4.562376926,4.63147177,4.844495433,4.849008862,4.946059028,25-34_female
4.806882978,4.742703665,4.481303997,4.356758623,4.635426447,4.551581168,4.584818201,4.630721707,4.760299921,5.152602354,25-34_male
5.421694036,5.449445944,5.215473123,4.708258724,5.234499763,5.324955411,5.211427548,5.13718044,5.061249827,4.990024788,50-64_male
5.163450818,5.243893735,5.187981501,4.596961125,5.408350734,5.326089413,5.125411329,5.008351586,5.015446133,5.036877002,50-64_female
5.603669316,5.377951986,5.025455601,4.819967776,5.331503616,5.494141338,5.35575828,5.082261123,5.43181697,5.462315886,35-49_female
4.151892852,4.080520718,3.894332513,3.528908827,4.137270223,4.221880355,4.124146339,3.817543513,3.95713603,4.127809275,25-34_female
5.065653883,5.029019037,5.131677969,4.73816714,5.674137385,5.332882847,5.232592221,4.881839429,4.897028303,4.352494346,50-64_female
6.43895715,6.440043699,6.489957851,6.199318588,6.326949768,6.32500736,6.349202627,6.335376032,6.483908186,6.652151195,50-64_male
5.230963682,5.293627072,5.346435728,4.616566922,5.504805149,5.309225149,5.329200266,5.158745408,5.18029932,5.125284909,25-34_female
3.535180922,3.500653285,3.363134326,3.28595673,3.480114044,3.392570133,3.32584909,3.489633778,3.734303003,3.837112087,25-34_female
3.071177229,2.810577112,2.741028356,2.540223434,2.905934683,2.740172066,2.674237233,2.724747938,2.317847915,2.225633714,50-64_male
5.183048715,5.307781819,5.267429599,4.871501143,5.561970922,5.455536386,5.324115358,5.083167666,5.200552677,5.026860728,18-24_female
4.070240083,4.092162617,4.018876549,3.751803776,4.073683889,4.120947316,4.004614701,3.931858352,4.073322412,4.098575908,35-49_male
3.327732974,3.147382187,3.145898307,2.71243873,3.172908589,2.956702024,2.892326918,3.022642792,2.717248208,2.568057773,35-49_male
4.441812123,4.347987065,4.453071136,3.88471554,4.428077495,4.222627694,4.309321753,4.316763959,4.413729937,4.308529253,18-24_male
4.019551915,3.990595842,3.937610746,3.436543657,4.061075111,3.933799831,3.83869311,3.901260755,3.764250099,3.530720673,50-64_male
4.168882713,3.930442172,3.867944086,3.588416265,4.23572503,4.007606453,3.90168806,3.865131548,3.926382559,3.865229077,18-24_male
5.541499616,5.579007991,5.632086203,4.903360974,5.708717925,5.556416309,5.541065237,5.385439184,5.444807208,5.014098029,18-24_female
3.402065068,3.497257172,3.325175055,3.200758715,3.557341472,3.331578312,3.095608769,3.07800451,2.838016447,2.885110969,25-34_female
4.994703671,5.0051827,5.128103186,4.200050718,5.202993758,5.059581845,4.981846106,4.726311829,4.595975814,4.487016042,25-34_female
6.456615888,6.411061677,6.384628746,6.103206015,6.260815856,6.190528361,6.315656323,6.424096234,6.6941269,6.946374815,35-49_male
4.013594601,3.969041362,3.790354758,3.654808662,3.739770062,3.917329156,3.83471176,3.677490595,3.934302274,4.509780168,50-64_male
6.325433666,6.298407923,6.230972459,6.08693855,6.352793847,6.305401242,6.290075733,6.266019956,6.524991169,6.558606467,50-64_male
3.652652532,3.642159833,3.483489016,2.981540581,3.612458547,3.52569008,3.42655768,3.355654782,3.321505963,3.259997132,35-49_male
4.984128112,5.087323013,4.896237715,4.488535956,4.934898511,5.026506042,4.808858938,4.609554557,4.579182157,4.786810541,35-49_female
4.795496244,4.72490638,4.674692638,4.37419515,4.649398898,4.640484394,4.649532497,4.655323228,5.03807426,5.199230211,18-24_female
5.817775895,5.828277668,5.779925415,4.963888982,5.882310072,5.927501484,5.855894492,5.774387187,5.866955073,5.893803065,25-34_female
3.474857801,3.398621591,3.276887445,2.918828374,3.522681771,3.279114243,3.251812851,3.231490713,3.177748149,3.176581657,25-34_male
3.735206392,3.615341043,3.480943223,3.159590583,3.359053041,3.449442478,3.488932348,3.546373761,3.743983573,3.871930795,35-49_female
5.847008443,5.887624439,5.683917238,5.344943859,5.790135579,5.824945183,5.670893791,5.68912571,5.924605278,6.075042955,25-34_female
3.878084654,3.913330483,3.849084702,3.57153094,3.742040802,3.657517928,3.736221333,3.813084708,3.826430678,4.040567944,50-64_male
4.296340912,4.143611579,4.18212096,3.741669291,4.370884805,4.445342349,4.238032036,3.934412998,3.91544774,4.054415595,35-49_male
5.023012054,5.126234446,4.907683796,4.482630738,5.141022617,5.230839439,5.016103754,4.988011929,4.87174337,4.474645195,50-64_male
3.836751066,3.855320359,3.74335487,3.568836951,3.925706203,3.80789974,3.800420314,3.689559058,3.960308352,3.861970408,18-24_female
6.589895233,6.582163561,6.661497584,6.182816091,6.770867657,6.652407089,6.667266007,6.565877335,6.808135795,6.70265562,18-24_male
5.247717664,5.141244936,5.142077926,4.731884793,5.490242136,5.31646301,5.205191187,5.139458602,5.273955949,5.019644671,35-49_female
5.73429111,5.747137051,5.750239897,4.862263986,5.881953976,5.835787009,5.666007595,5.587294144,5.610779767,5.518858921,35-49_female
6.435111984,6.40915052,6.33841217,6.04835958,6.433074996,6.3482112,6.391396108,6.411631769,6.722844462,6.796922708,35-49_male
4.696580211,4.627173193,4.595215188,4.039011125,4.750206203,4.814479551,4.780646389,4.442438573,4.844088533,4.947283642,35-49_female
3.943800271,3.911123811,3.921304214,3.468597732,4.057620375,3.820258101,3.742108799,3.833489838,3.438833775,3.149613052,35-49_female
4.985570436,4.938362213,4.677815473,4.248680913,5.001946902,4.821313149,4.799084406,4.498162343,4.744232485,4.823476357,25-34_female
5.357213443,5.266299602,5.414218958,4.958956649,5.758632877,5.441066712,5.515286743,5.220554789,5.433980785,5.331450946,50-64_female
4.27194048,4.214800895,4.153586945,4.119333287,4.233774669,4.169661735,4.192184121,4.202502057,4.450794177,4.505412385,35-49_male
6.28176694,6.273857716,6.243418726,6.01870896,6.264284078,6.162875451,6.260061711,6.271179085,6.516938967,6.586533438,25-34_female
5.91472503,5.977363052,5.78171113,5.158722948,6.070464159,6.017372401,5.878126878,5.879800013,6.124246073,6.04746223,35-49_male
4.40523635,4.405701471,4.310307546,4.05575627,4.179077287,4.367407763,4.233092848,4.200819557,4.218614614,4.659490462,35-49_male
4.106991291,4.014443222,4.013645229,3.77990009,3.91971951,4.006332658,3.990142626,3.884931939,4.083614628,4.227018233,25-34_female
4.426175972,4.571631505,4.403317104,3.890399257,4.536200142,4.388699085,4.373345742,4.201972119,4.60483966,4.484801647,25-34_male
5.204004507,5.312919825,5.239891144,4.592215059,5.443112643,5.319871765,5.212057909,4.993215085,4.92946567,4.879084174,18-24_male
4.471563945,4.590236899,4.528151378,3.802142489,4.403673959,4.452101296,4.439632997,4.377824994,4.321713821,4.491596309,25-34_female
4.483403332,4.557823768,4.301892461,3.76165709,4.667594137,4.535545239,4.432523767,4.459645382,4.104638839,4.11543923,25-34_male
3.520981454,3.628085345,3.497607459,3.502137018,3.637103775,3.418874039,3.344146696,3.495088429,3.481884186,3.549059207,35-49_female
5.23339096,5.087789981,5.185650175,5.079732325,5.558597682,5.527583633,5.265218049,4.833090084,4.783657044,4.639085689,35-49_male
3.653453739,3.502455776,3.319049943,3.07123171,3.690617937,3.507479268,3.293551014,3.457474474,3.387430132,3.462530333,35-49_male
4.480147244,4.606327133,4.307501187,4.061679211,4.54364127,4.625435682,4.362534502,4.2686813,4.390643229,4.556526477,35-49_male
4.729875801,4.877460031,4.624046307,4.287070744,5.07014189,4.948400335,4.796188744,4.731262056,4.615757195,4.559720494,50-64_female
6.833748057,6.751915805,6.731473764,6.285062065,6.831422545,6.872479355,6.706119466,6.697319197,6.841969204,6.938946485,35-49_male
3.976688694,3.916167812,3.793245005,3.511938751,3.666322618,3.794243112,3.819691437,3.654493901,3.639162396,4.221852664,50-64_male
4.846072908,4.974950892,4.962300166,4.307724109,5.060355665,5.035264791,4.988089485,4.772094564,4.814873044,4.819242894,18-24_male
4.21289898,4.043101016,3.946923515,3.603792522,4.228893546,4.05205319,4.193810476,3.736897934,3.838389651,3.962891779,25-34_male
4.944007852,4.942858479,4.873258807,4.704175731,4.954135114,4.891917705,4.894495232,4.908007718,5.14604439,5.316446945,18-24_female
3.480326914,3.468794025,3.296389608,3.108109374,3.481757541,3.401795469,3.260664669,3.303907894,3.093853815,2.854012453,35-49_male
6.57510583,6.428129554,6.381954965,5.860482599,6.567326224,6.484280562,6.431784768,6.588523985,6.655569682,6.472063447,35-49_female
4.173727192,4.150581017,4.106084026,3.761777818,4.14311475,4.041202948,3.991474162,4.177714054,4.407675362,4.362586312,18-24_male
3.371899449,3.178053776,3.125002827,2.957212942,3.086779905,3.018305963,2.939257899,3.035046185,3.060064841,3.280123245,18-24_female
4.335304629,4.090645103,3.959618229,3.587665948,4.066983823,4.099474638,4.010516192,4.105005893,4.218651126,4.233649048,18-24_female
4.708813238,4.585445396,4.654124811,4.113756048,4.643882438,4.619260685,4.614798218,4.629034524,4.722815561,5.097333903,50-64_female
3.942878655,3.97069241,3.91062496,3.350181782,4.118637479,3.92586821,3.839732314,3.77736224,3.907154565,3.917266361,50-64_male
3.980454207,3.952985894,3.89159972,3.93976699,3.799097808,3.7568824,3.726662875,3.810416248,4.115562623,4.155380102,18-24_female
2.662366827,2.601986515,2.730465887,2.159175038,2.526708843,2.364551333,2.523033131,2.638874917,2.576047482,2.501289332,25-34_female
4.986316024,5.028131851,5.024915495,4.467760365,5.018496344,5.030666869,5.007506827,4.994100773,5.382414389,5.366739027,18-24_male
3.554175976,3.488210565,3.426408935,2.956747371,3.602159065,3.248815279,3.298367841,3.385411554,3.301242275,3.227416357,35-49_female
5.277410688,5.369166381,5.290629131,5.067487796,5.298073533,5.260818295,5.139997101,5.204662845,5.370968451,4.946356395,25-34_male
5.425084991,5.229710174,4.935975206,5.084288203,5.245114806,5.376009206,5.150530909,4.984708512,5.285860784,5.346284681,35-49_female
4.842795506,4.823226542,4.718860147,4.538968938,4.69092521,4.657588103,4.749934153,4.889033462,5.172749564,5.503005013,18-24_male
5.278136802,5.180930969,5.158368843,5.035430675,5.189929182,5.196830332,5.156335706,5.22206719,5.551041763,5.611627568,18-24_male
5.041336412,5.007321981,5.101569067,4.815332161,5.510575987,5.254211401,5.247949532,4.750733349,5.013161915,4.366332439,25-34_male
3.336315538,3.430074248,3.314323561,2.828920086,3.404638665,3.467903845,3.349573621,3.17685846,2.94352071,3.002166864,35-49_male
6.52794817,6.520377923,6.343796508,6.118911218,6.595849001,6.441411165,6.396830077,6.323275986,6.469993669,6.284325441,25-34_female
4.2317361,4.253133475,4.281450078,3.663833933,4.549699683,4.25723656,4.344817259,4.043925208,4.347430488,4.049581631,50-64_female
5.3498029,5.40183825,5.288249686,4.994067406,5.667809187,5.666771201,5.394730135,5.061975223,5.007770436,4.816342932,25-34_male
4.680089116,4.64509466,4.632725087,4.386192321,4.607945279,4.545809527,4.558299081,4.573736768,4.534697798,4.910947008,18-24_male
4.546205303,4.685607883,4.773567862,4.144276701,4.84625542,4.80396101,4.673493002,4.657900728,4.639573342,4.784225441,50-64_female
4.61493014,4.627948946,4.50334913,4.039442649,4.802694031,4.619456447,4.513465279,4.341462767,4.251632192,4.230299171,18-24_female
3.364067636,3.252024101,3.238676374,2.725472887,3.357265814,3.188198344,3.071805564,3.22519213,3.0425607,3.022140772,50-64_male
4.568260079,4.620482168,4.507634053,4.059322448,4.473606258,4.554363234,4.382452878,4.340957329,4.273562882,4.47368871,18-24_male
4.425886549,4.421727448,4.438157561,4.078978655,4.442242458,4.369973975,4.364507476,4.401869518,4.655014858,4.650010227,18-24_male
3.940622004,3.938331173,3.889045971,3.408652475,3.84566712,3.869010578,3.72395487,3.945042585,3.968032463,3.806509852,25-34_male
5.345947643,5.363684417,5.34983888,4.86192738,5.760492588,5.40750898,5.39805605,5.00475374,5.093359595,4.694753861,35-49_female
3.545155553,3.336054237,3.208111469,2.872854067,3.317838864,3.044834103,3.10368611,3.398213584,3.037704178,3.279813108,35-49_male
4.178468892,4.391744776,4.01161367,3.882733216,4.559249213,4.451188697,4.2198394,4.104965566,4.124558791,4.442938663,35-49_female
4.265344411,4.211663038,4.143617261,3.867990587,4.177649276,4.160293007,4.185190577,4.197520641,4.610196219,4.761416711,25-34_female
5.208225572,5.051466577,4.997069801,4.523707721,5.093373396,5.042865026,4.916531416,4.890302895,4.910462956,4.932838471,25-34_female
4.268257147,4.296438935,4.195348723,3.847626267,4.323175564,4.347468532,4.205153448,4.121035596,4.235611778,3.93322283,35-49_female
5.070879193,5.060457634,4.9003826,4.576442329,4.957341617,5.037160405,4.993644343,5.024962035,5.265208732,5.289041953,50-64_female
6.59991147,6.515446483,6.456800856,6.108728423,6.514034759,6.456800834,6.459648045,6.317154353,6.610524723,6.444481767,50-64_male
4.280052181,4.441260255,4.21700044,3.679794521,4.557706618,4.404744238,4.407982965,4.254772203,4.392638163,4.482473853,18-24_male
5.120180664,5.061051366,4.998346906,4.744621505,5.069967618,5.006132007,4.987655079,5.087058771,5.292341356,5.558553567,25-34_female
3.258139145,3.273041409,3.355556283,3.095780944,3.450750088,3.692590516,3.279311352,3.070320869,2.911618676,2.671505296,35-49_female
4.149517577,4.249113387,4.321186068,3.647680825,4.221271898,4.081696183,4.107161855,3.936988214,4.068883502,3.720977887,50-64_female
4.906189592,4.9160568,4.705325028,4.39242036,4.765442631,4.909367725,4.766050822,4.575417632,4.819159194,5.016227746,35-49_male
5.164991458,4.945287355,4.843092831,4.532057585,5.146051653,4.817440504,4.888313786,4.977389557,4.743900882,4.977168595,18-24_male
4.029435534,4.070362529,4.122995863,3.607000542,3.969318863,3.946264962,3.923274061,3.875796681,3.891465985,3.540670203,35-49_female
3.878431087,3.727101612,3.526171982,3.216521502,3.81938801,3.675712963,3.627935794,3.555023619,3.563314869,3.758111973,50-64_female
3.720840519,3.57742883,3.387825249,3.043261282,3.755622361,3.419188325,3.42569585,3.483880635,3.443764328,3.610455279,50-64_male
5.159568243,5.241420336,5.215765365,4.654039582,5.481799151,5.456871657,5.33727702,5.053791723,5.173997133,4.939297942,25-34_female
5.096808768,5.151168809,5.112533293,4.689992562,5.389853397,5.043327737,5.148088811,4.954701881,4.95072393,4.892201881,50-64_female
5.212396501,5.160221496,5.116099895,4.422655143,5.226186792,5.155454166,5.098214394,5.165234358,4.935077347,5.006364515,35-49_male
4.585611221,4.424652414,4.453557811,4.355348257,4.306371682,4.36080311,4.193577777,4.005351345,4.252381477,4.001796486,35-49_male
3.357551982,3.532837071,3.542157297,3.196364649,3.244488286,3.398501797,3.242101663,3.155126958,2.983435186,3.171870317,35-49_female
5.076875241,5.105885179,5.179467976,4.742025558,5.132110704,4.921590606,4.976292276,5.029716077,5.287900802,4.749119867,35-49_female
4.13509443,4.048971171,3.721266155,3.597208255,4.26859946,4.15726534,3.916778013,3.864599964,3.694922366,3.728729056,50-64_female
4.299189804,4.384195289,4.342911167,3.614841206,4.244323087,4.262445099,4.310440516,4.31489861,4.501031943,4.405863047,35-49_male
4.626975159,4.477269837,4.556607363,4.372743482,4.592905942,4.303658436,4.37226036,4.507132978,4.617706837,4.608237745,18-24_female
3.143634711,3.010848137,3.03427356,2.453270192,3.054270679,2.933349875,2.955143227,2.951330478,2.709327678,2.518184712,50-64_male
4.399370175,4.643488678,4.478161114,3.963621794,4.645429313,4.517209473,4.320206522,4.334678789,4.292721023,4.19514287,35-49_female
4.679469488,4.590184583,4.476251842,4.370434959,4.589439006,4.555227147,4.503002446,4.630393111,4.971264863,5.038458558,18-24_female
4.553044961,4.260251114,4.27589883,3.938909512,4.127846207,4.183831253,4.197293341,4.149381342,4.272842451,4.598261031,35-49_male
5.087503848,4.954067517,4.987840207,4.808148272,5.350563131,5.279362123,5.066498239,4.677180737,4.756160223,4.508654711,50-64_male
5.358380192,5.376271451,5.301005254,5.109978616,5.726136428,5.378839179,5.314138146,5.133949048,5.223792193,4.877954171,25-34_male
3.578631516,3.52570434,3.516327521,3.107418958,3.51171402,3.47079776,3.478756866,3.31956736,3.365411806,3.186967987,25-34_female
3.433277534,3.411768874,3.428782208,3.082640767,3.441513801,3.327716936,3.3077705,3.233685578,3.14653056,3.604145548,18-24_female
3.679360602,3.558963461,3.570089354,3.068227564,3.638328261,3.56141139,3.629239861,3.608941098,3.991208929,4.173024916,65-xx_female
5.345755144,5.344111013,5.227115681,4.746796537,5.416640247,5.267871187,5.295570911,4.945208218,5.113518222,4.786046077,25-34_male
3.603418074,3.51661697,3.554967648,3.029277276,3.670289314,3.469695443,3.501951912,3.384893508,3.529186176,3.146980361,25-34_male
4.815956496,4.813898597,4.853024935,4.337837403,5.026909992,4.855724159,4.915077976,4.555090894,4.748169113,4.342738701,25-34_female
5.57363942,5.504636441,5.230062554,4.950479106,5.462859073,5.575522537,5.383531337,5.258642524,5.466948483,5.530096757,25-34_female
3.768635462,3.753510164,3.767532212,3.746793625,3.755874727,3.606875214,3.573906559,3.725497962,3.756845963,4.00997081,25-34_male
3.367826133,3.121709286,3.031377035,2.806564565,3.022066475,2.854869982,2.939629099,3.143272626,2.951757257,3.299507692,25-34_female
4.664738796,4.667687113,4.655291209,4.144813399,4.537061639,4.648015938,4.621593927,4.35334441,4.345482207,4.427777087,50-64_male
4.574988948,4.525823724,4.158468803,3.91756953,4.331370375,4.414668848,4.299422945,4.16726187,4.54590199,4.911916858,50-64_male
4.364584785,4.35869459,4.211047583,4.008028214,4.289723618,4.360007645,4.177787383,3.896490436,3.918872206,3.786835733,50-64_male
4.373564544,4.453242547,4.138006544,3.781138185,4.477594891,4.492949893,4.311841033,4.156203724,4.251962473,4.284252933,18-24_female
6.322536929,6.156281109,5.983380428,5.4497147,6.142102241,6.166477854,6.037131141,6.018440448,6.24154044,6.430689844,25-34_male
3.936249479,3.837365903,3.793011216,3.393562652,3.785058131,3.767817448,3.797006141,3.874107404,4.249326749,4.443511549,25-34_female
4.352918446,4.453406754,4.320895555,3.90102309,4.476038639,4.299457472,4.205882384,4.224181214,3.858141351,3.445495919,25-34_male
4.747273647,4.818289941,4.555838451,4.24493054,4.84815264,4.99605422,4.741103377,4.41703879,4.389792727,4.361495634,50-64_male
4.728360557,4.653791341,4.488961169,4.272720769,4.807245807,4.835474533,4.557148631,4.40381044,4.370247071,4.309576167,25-34_female
4.209358748,4.167572547,4.137713282,3.688638668,4.349605044,4.221588577,3.994080249,4.105374065,4.015795116,3.98557111,35-49_female
4.556642193,4.606457816,4.443630544,3.785903416,4.787388938,4.66239819,4.601054403,4.376874152,4.390634828,4.264093482,35-49_male
3.431574792,3.240649407,3.359591766,3.201143176,2.944591287,3.182094906,3.047290024,3.267152208,3.383146893,3.46869352,25-34_male
5.136499927,5.139951647,5.259426217,4.593928294,5.248379937,5.253734664,5.150831502,4.828254751,4.784139096,4.765756263,50-64_male
5.427568515,5.422505714,5.301355356,4.731909906,5.595107369,5.549104391,5.3036522,5.245796811,5.16735456,5.357581473,18-24_female
4.429648298,4.429594055,4.374277884,3.890378922,4.416723339,4.42727013,4.378673813,4.280784561,4.481451818,4.339708826,50-64_female
3.256914701,3.342437417,3.43755164,2.872049887,3.396075744,3.160344131,3.227693562,3.284285953,3.41331358,3.067366202,25-34_male
3.738749366,3.720392765,3.528218002,3.187698569,3.905751981,3.884977985,3.638432729,3.533288945,3.641584944,3.488710124,35-49_female
5.20176412,5.085311284,4.923697949,4.547985461,5.003797096,4.977765255,4.873190819,4.920311189,4.751522639,4.753145949,25-34_female
4.007535183,3.885470298,3.67534355,3.536313019,4.022727481,3.917692108,3.888997942,3.704718955,4.036405114,3.93195412,18-24_male
4.527936234,4.316699688,4.360886471,4.282609311,4.476139384,4.233735735,4.328208402,4.521987105,4.956902089,4.902142036,18-24_female
4.097438679,3.977996436,4.033890905,3.663678006,4.218047358,3.919261682,3.968838663,4.001905496,3.878049126,3.98658959,25-34_female
4.451678818,4.472692187,4.276106135,3.946325936,4.556041052,4.489229289,4.233462568,4.261643942,4.262612418,4.119372597,18-24_male
4.564340324,4.506197905,4.452558225,4.201853297,4.399787033,4.405344364,4.458212684,4.249007168,4.51757213,4.808808477,25-34_male
5.279874228,5.240265928,4.931753618,4.756660147,5.173832849,5.227010146,5.144026485,5.103989996,5.552635561,5.660640607,25-34_female
4.213509285,4.158416068,3.974899002,3.579130289,4.234025966,4.201101817,4.01249442,3.991249495,3.91869679,3.9577728,35-49_female
3.089394814,2.979788375,3.025479188,2.502249915,2.884336563,2.806566985,2.728024304,3.001203782,2.561094035,2.343510505,35-49_male
4.964347552,4.779006654,4.762959528,4.239845566,4.979258284,4.810182007,4.759358091,4.869401245,4.803561886,4.686574718,25-34_female
3.42463833,3.203916395,3.115735906,2.668333888,3.051583476,2.821541807,2.887503237,3.261824585,2.882480078,2.705178624,25-34_female
2.480373889,2.369157633,2.500299781,2.101113759,2.247270683,2.067209279,2.199273563,2.440456568,2.046851063,2.186812172,35-49_female
4.563382334,4.403015371,4.481842003,4.104818118,4.411828252,4.194532923,4.363734275,4.453304132,4.653492367,4.642394125,25-34_female
