#doc name topic proportion ...
0	file:/home/jamarq/PAN/PAN/KLDiv/../Data/cleaned/a461066d41c07295283f3c02099adcd8_en_35-49_male.xml	2	0.9788302466507474	1	0.012392653075234341	0	0.008777100274018351	
1	file:/home/jamarq/PAN/PAN/KLDiv/../Data/cleaned/9dd443066d1d87106cf38c417792118a_en_25-34_female.xml	1	0.4785518763016733	0	0.4599404742235404	2	0.0615076494747863	
2	file:/home/jamarq/PAN/PAN/KLDiv/../Data/cleaned/325a3910e81d6fdef13ebd10e62b6811_en_50-64_male.xml	0	0.9966387767658361	2	0.0032046638570914373	1	1.5655937707241774E-4	
3	file:/home/jamarq/PAN/PAN/KLDiv/../Data/cleaned/dce632f5ef586e0def244e8eb45dd2b8_en_50-64_female.xml	2	0.9871276221124105	1	0.00753541672321116	0	0.005336961164378312	
4	file:/home/jamarq/PAN/PAN/KLDiv/../Data/cleaned/94abbb1487b94006fc74d0ab84ec2635_en_25-34_female.xml	1	0.4785518763016733	0	0.4599404742235404	2	0.0615076494747863	
5	file:/home/jamarq/PAN/PAN/KLDiv/../Data/cleaned/c5d2e865b505de7169ba7e279d479e4b_en_35-49_female.xml	1	0.48827663263539167	0	0.47810379389195384	2	0.033619573472654526	
6	file:/home/jamarq/PAN/PAN/KLDiv/../Data/cleaned/3bcfe66d0205a1ba9798f567ed9abd02_en_25-34_male.xml	2	0.9871276221124105	1	0.00753541672321116	0	0.005336961164378312	
7	file:/home/jamarq/PAN/PAN/KLDiv/../Data/cleaned/d6320c38e7d241a2051948d9c92d5fcc_en_35-49_female.xml	0	0.8746999896114345	1	0.06379236091377924	2	0.0615076494747863	
8	file:/home/jamarq/PAN/PAN/KLDiv/../Data/cleaned/da166e95ddce4d299d22fd481fbc7f3a_en_35-49_female.xml	2	0.4762671648626803	0	0.4599404742235404	1	0.06379236091377924	
9	file:/home/jamarq/PAN/PAN/KLDiv/../Data/cleaned/eaa5dee7f527a6a158ba2de33c135db5_en_50-64_male.xml	0	0.8774450658413833	1	0.0638418925664862	2	0.058713041592130456	
10	file:/home/jamarq/PAN/PAN/KLDiv/../Data/cleaned/ad2cb6ee14999d6fb82188de2eac5b36_en_35-49_male.xml	2	0.9999874218022519	1	7.363205344625235E-6	0	5.214992403613416E-6	
11	file:/home/jamarq/PAN/PAN/KLDiv/../Data/cleaned/b62d3ee201923f7177cfb7fbff1b9246_en_25-34_male.xml	1	0.4785518763016733	0	0.4599404742235404	2	0.0615076494747863	
12	file:/home/jamarq/PAN/PAN/KLDiv/../Data/cleaned/c82ac59e4431be73a1a9c148abbacfb7_en_35-49_male.xml	1	0.75399866613425	2	0.24474069737426737	0	0.0012606364914827075	
13	file:/home/jamarq/PAN/PAN/KLDiv/../Data/cleaned/3367e7e97bd85d17a035596a8636225d_en_35-49_male.xml	1	0.4785518763016733	0	0.4599404742235404	2	0.0615076494747863	
14	file:/home/jamarq/PAN/PAN/KLDiv/../Data/cleaned/ee0d877c8e51ba35f769168e0a931ab9_en_35-49_male.xml	0	0.9984134175963617	1	8.077560169267493E-4	2	7.788263867115852E-4	
15	file:/home/jamarq/PAN/PAN/KLDiv/../Data/cleaned/ad82f4a5700c4e46c52c84874399a417_en_35-49_female.xml	2	0.8910266802505743	1	0.06379236091377924	0	0.04518095883564638	
16	file:/home/jamarq/PAN/PAN/KLDiv/../Data/cleaned/cf3a2ee80d533483e436019df024846f_en_25-34_male.xml	1	0.7070247688568194	0	0.18296450201973485	2	0.11001072912344574	
17	file:/home/jamarq/PAN/PAN/KLDiv/../Data/cleaned/a8ac8af521dd5428a2684753ff282c70_en_25-34_male.xml	0	0.9054563050648197	1	0.061410518575231346	2	0.03313317635994888	
18	file:/home/jamarq/PAN/PAN/KLDiv/../Data/cleaned/cb849ed0e8f9f46b34ea0c916d91246a_en_25-34_female.xml	1	0.9919787282218125	2	0.00785506629957849	0	1.6620547860902258E-4	
19	file:/home/jamarq/PAN/PAN/KLDiv/../Data/cleaned/db62119e6b5ec7f69d03f35e94c20113_en_25-34_female.xml	2	0.9687626382870161	1	0.018286173688853307	0	0.012951188024130702	
20	file:/home/jamarq/PAN/PAN/KLDiv/../Data/cleaned/920189e406fe3bd1b1d90f171d254c81_en_50-64_male.xml	2	0.9224105647081193	0	0.057788825618035486	1	0.019800609673845143	
21	file:/home/jamarq/PAN/PAN/KLDiv/../Data/cleaned/d2a64c8cda3ca7eb0a29f38a9ee59a71_en_25-34_male.xml	0	0.8794995118572997	1	0.12045446758936802	2	4.602055333225085E-5	
22	file:/home/jamarq/PAN/PAN/KLDiv/../Data/cleaned/cb3cc661832e991adc4194df9a4f5e9d_en_25-34_male.xml	1	0.6860404123599935	0	0.20058853016110623	2	0.1133710574789003	
23	file:/home/jamarq/PAN/PAN/KLDiv/../Data/cleaned/91ecc62e3cbf4dbe55f006dcb1dcf1ce_en_25-34_male.xml	1	0.993634658470805	2	0.003669718836577369	0	0.002695622692617523	
24	file:/home/jamarq/PAN/PAN/KLDiv/../Data/cleaned/c8792bbc040e42454c553884e49b0ad4_en_25-34_female.xml	2	0.9871276221124105	1	0.00753541672321116	0	0.005336961164378312	
25	file:/home/jamarq/PAN/PAN/KLDiv/../Data/cleaned/b3852c74baf935863c9293597c8222e0_en_25-34_female.xml	1	0.9416848873852969	2	0.033619573472654526	0	0.02469553914204865	
26	file:/home/jamarq/PAN/PAN/KLDiv/../Data/cleaned/e51f0508ffb0e5ce259413320dea1466_en_25-34_female.xml	1	0.8889589208433972	2	0.06229253915226128	0	0.04874854000434152	
27	file:/home/jamarq/PAN/PAN/KLDiv/../Data/cleaned/daadc248fd9c1f691ba9fa366f8e0e68_en_25-34_female.xml	1	0.9990271584424708	2	5.608583565070243E-4	0	4.1198320102217155E-4	
28	file:/home/jamarq/PAN/PAN/KLDiv/../Data/cleaned/3673b860b3068ced30eae56ddf4aa88d_en_25-34_female.xml	0	0.8746999896114345	1	0.06379236091377924	2	0.0615076494747863	
29	file:/home/jamarq/PAN/PAN/KLDiv/../Data/cleaned/a5ed4c18c0390f87ec8fd26f61e38b8b_en_25-34_female.xml	0	0.8921346773244042	1	0.061510591917842444	2	0.0463547307577534	
30	file:/home/jamarq/PAN/PAN/KLDiv/../Data/cleaned/cb18e30e112592b891b1a19714a8c9b4_en_50-64_female.xml	1	0.4785518763016733	2	0.4762671648626803	0	0.04518095883564638	
31	file:/home/jamarq/PAN/PAN/KLDiv/../Data/cleaned/d28c1d83999e19eb1710ac909ac8de47_en_35-49_female.xml	2	0.9871276221124105	1	0.00753541672321116	0	0.005336961164378312	
32	file:/home/jamarq/PAN/PAN/KLDiv/../Data/cleaned/ca9795912e9c0fd29c5b2c5b43165ddc_en_25-34_female.xml	0	0.8746999896114345	1	0.06379236091377924	2	0.0615076494747863	
33	file:/home/jamarq/PAN/PAN/KLDiv/../Data/cleaned/a19b3aa4172e27805ebb7d758f1a9554_en_25-34_female.xml	1	0.8933113916895672	2	0.0615076494747863	0	0.04518095883564638	
34	file:/home/jamarq/PAN/PAN/KLDiv/../Data/cleaned/ceed88f668081db61cedbf12dd85e48d_en_25-34_female.xml	0	0.9247678549788405	1	0.07494827441201862	2	2.838706091407592E-4	
35	file:/home/jamarq/PAN/PAN/KLDiv/../Data/cleaned/a32d584d94c8b4df00c723964397af63_en_25-34_female.xml	1	0.9726671907424694	2	0.015757791554292796	0	0.011575017703237838	
36	file:/home/jamarq/PAN/PAN/KLDiv/../Data/cleaned/d72e4b7b00cf79d63985c39ee99d5d23_en_50-64_female.xml	2	0.4762671648626803	0	0.4599404742235404	1	0.06379236091377924	
37	file:/home/jamarq/PAN/PAN/KLDiv/../Data/cleaned/e82f0de508f17e5e333744972538b360_en_50-64_male.xml	2	0.4762671648626803	0	0.4599404742235404	1	0.06379236091377924	
38	file:/home/jamarq/PAN/PAN/KLDiv/../Data/cleaned/a60b395bd833e09056306cf9e2a5424f_en_35-49_female.xml	1	0.4785518763016733	2	0.4762671648626803	0	0.04518095883564638	
39	file:/home/jamarq/PAN/PAN/KLDiv/../Data/cleaned/355cb0e198dc1ee4fedadd9a15937aed_en_25-34_male.xml	1	0.6914025426796768	0	0.1730270992215732	2	0.13557035809874995	
40	file:/home/jamarq/PAN/PAN/KLDiv/../Data/cleaned/d24b9964ae7655c41a5ad61f9a8046f8_en_35-49_female.xml	1	0.9929420057276458	2	0.006115458204291754	0	9.425360680625208E-4	
41	file:/home/jamarq/PAN/PAN/KLDiv/../Data/cleaned/e539ade0a2ab4a3fe264de60bd448293_en_18-24_female.xml	1	0.9597768948154443	2	0.040162465997471176	0	6.063918708453283E-5	
42	file:/home/jamarq/PAN/PAN/KLDiv/../Data/cleaned/ebb150c68b95d6f1c846b4cb8727d8f7_en_25-34_male.xml	0	0.8746999896114345	1	0.06379236091377924	2	0.0615076494747863	
43	file:/home/jamarq/PAN/PAN/KLDiv/../Data/cleaned/9fd50a877070139eb06c70e34346d8bf_en_35-49_male.xml	1	0.994856695505974	0	0.005117234447751957	2	2.6070046274124062E-5	
44	file:/home/jamarq/PAN/PAN/KLDiv/../Data/cleaned/9fd6232ade715eb689acbf07177bdf4e_en_35-49_female.xml	2	0.9857292892760795	1	0.008353992803832812	0	0.005916717920087646	
45	file:/home/jamarq/PAN/PAN/KLDiv/../Data/cleaned/9e46d220751b35e62cc149fea318fae9_en_25-34_female.xml	1	0.4785518763016733	2	0.4762671648626803	0	0.04518095883564638	
46	file:/home/jamarq/PAN/PAN/KLDiv/../Data/cleaned/d01d632ac60eee20c22fc739e09630c4_en_35-49_female.xml	0	0.8746999896114345	1	0.06379236091377924	2	0.0615076494747863	
47	file:/home/jamarq/PAN/PAN/KLDiv/../Data/cleaned/d5bafdf68fc64ed3e9bc147dfcc5aef4_en_50-64_male.xml	0	0.9690983180898275	1	0.01926818828794525	2	0.011633493622227365	
48	file:/home/jamarq/PAN/PAN/KLDiv/../Data/cleaned/379fa2087c5d74668270f6a607208e5c_en_25-34_female.xml	2	0.4762671648626803	0	0.4599404742235404	1	0.06379236091377924	
49	file:/home/jamarq/PAN/PAN/KLDiv/../Data/cleaned/dfc648f66390a808d76f67f8d67984b3_en_35-49_male.xml	1	0.4785518763016733	0	0.4599404742235404	2	0.0615076494747863	
50	file:/home/jamarq/PAN/PAN/KLDiv/../Data/cleaned/af9393a9f93b3ef093de18b489cd2d52_en_65-xx_male.xml	1	0.4785518763016733	0	0.4599404742235404	2	0.0615076494747863	
51	file:/home/jamarq/PAN/PAN/KLDiv/../Data/cleaned/d422b458cbd644bc5927c8446b6db4ba_en_35-49_male.xml	0	0.9987599175212653	2	0.0011572313984401761	1	8.285108029457975E-5	
52	file:/home/jamarq/PAN/PAN/KLDiv/../Data/cleaned/98aca1ff7d801140dcec5ca79627043f_en_25-34_female.xml	1	0.4785518763016733	2	0.4762671648626803	0	0.04518095883564638	
53	file:/home/jamarq/PAN/PAN/KLDiv/../Data/cleaned/df8062f8e532887a2c796b784c93247a_en_18-24_male.xml	1	0.4785518763016733	0	0.4599404742235404	2	0.0615076494747863	
54	file:/home/jamarq/PAN/PAN/KLDiv/../Data/cleaned/d0d79ca665a426c76c4d69a4e868070a_en_25-34_male.xml	0	0.6966576114865374	1	0.28957565933618984	2	0.013766729177272848	
55	file:/home/jamarq/PAN/PAN/KLDiv/../Data/cleaned/ade51b73b66e6c37d31deeaba14bd000_en_35-49_female.xml	1	0.914500226879185	2	0.08547271852954032	0	2.7054591274661982E-5	
56	file:/home/jamarq/PAN/PAN/KLDiv/../Data/cleaned/d48cb961c642dec89459c1b9b6c4327e_en_18-24_female.xml	0	0.8746999896114345	1	0.06379236091377924	2	0.0615076494747863	
57	file:/home/jamarq/PAN/PAN/KLDiv/../Data/cleaned/315fe267d4d6e4a9b826519559c61c11_en_50-64_female.xml	2	0.4762671648626803	0	0.4599404742235404	1	0.06379236091377924	
58	file:/home/jamarq/PAN/PAN/KLDiv/../Data/cleaned/9d976a82f0d735e95f1338a0c4d08372_en_35-49_male.xml	0	0.9147250244080634	1	0.05575119614653228	2	0.029523779445404335	
59	file:/home/jamarq/PAN/PAN/KLDiv/../Data/cleaned/cd6ad18273b841d979fb938896543229_en_35-49_male.xml	2	0.9839901289961702	1	0.009372087329336783	0	0.006637783674492984	
60	file:/home/jamarq/PAN/PAN/KLDiv/../Data/cleaned/d5f7f3664f9ea16fbb054021fa1db89b_en_35-49_male.xml	1	0.4785518763016733	0	0.4599404742235404	2	0.0615076494747863	
61	file:/home/jamarq/PAN/PAN/KLDiv/../Data/cleaned/de7c1877406b7b524612d33cfd4a6faa_en_65-xx_female.xml	1	0.8202767529144877	2	0.11553190398153168	0	0.06419134310398068	
62	file:/home/jamarq/PAN/PAN/KLDiv/../Data/cleaned/ef6363108b4493093b5e854157746f63_en_35-49_female.xml	1	0.4785518763016733	2	0.4762671648626803	0	0.04518095883564638	
63	file:/home/jamarq/PAN/PAN/KLDiv/../Data/cleaned/913e54a57730b7790f2d81c0f15df3c3_en_35-49_male.xml	1	0.9979199088541819	0	0.0018347330531181749	2	2.453580926999474E-4	
64	file:/home/jamarq/PAN/PAN/KLDiv/../Data/cleaned/bba9dd588bd881e925c3b1e699dd149d_en_35-49_female.xml	2	0.995650818404393	1	0.002545986142887882	0	0.001803195452719118	
65	file:/home/jamarq/PAN/PAN/KLDiv/../Data/cleaned/e70b835403729f1a2437127aa543d8f3_en_25-34_male.xml	2	0.4762671648626803	0	0.4599404742235404	1	0.06379236091377924	
66	file:/home/jamarq/PAN/PAN/KLDiv/../Data/cleaned/ae8bab06233d430ca5eaf08267ce42ef_en_25-34_male.xml	0	0.8746999896114345	1	0.06379236091377924	2	0.0615076494747863	
67	file:/home/jamarq/PAN/PAN/KLDiv/../Data/cleaned/a20faa0f43b78386e6b136ff1b3f4756_en_35-49_male.xml	0	0.9242473279948187	1	0.054836551429191124	2	0.020916120575990113	
68	file:/home/jamarq/PAN/PAN/KLDiv/../Data/cleaned/e6daefefdc379cd36fc04d7a57819232_en_50-64_female.xml	2	0.4762671648626803	0	0.4599404742235404	1	0.06379236091377924	
69	file:/home/jamarq/PAN/PAN/KLDiv/../Data/cleaned/c191a1fb49e90564d6a2effeaf8493d6_en_50-64_female.xml	2	0.8250032547258018	1	0.17495817691304327	0	3.856836115484617E-5	
