#doc name topic proportion ...
0	file:/home/jamarq/PAN/KLDiv/../Data/cleaned/a461066d41c07295283f3c02099adcd8_en_35-49_male.xml	7	0.9179244180806281	0	0.07742851855114588	8	0.003958278585728675	6	2.2480615895916636E-4	3	9.970478042347432E-5	9	9.340394673748729E-5	2	9.150428116768848E-5	4	8.09279798956827E-5	5	5.668950185761204E-5	1	4.174813345633741E-5	
1	file:/home/jamarq/PAN/KLDiv/../Data/cleaned/f1ff6a7b7270f8b983e7898f4eaeb53b_en_35-49_female.xml	7	0.7277516790063723	0	0.1996076632460698	2	0.059011581162375475	8	0.0065023627719500805	6	0.00601236511504393	3	2.982913979012354E-4	9	2.7944090266767124E-4	4	2.4211597628394919E-4	5	1.6960060173253755E-4	1	1.2489981960309583E-4	
2	file:/home/jamarq/PAN/KLDiv/../Data/cleaned/1585cd6e4e9e40f33d0add5f9aa021b3_en_25-34_male.xml	9	0.8794753309411877	8	0.07684666033474566	0	0.04095267045379388	6	0.0022785342602943993	7	2.949549592357432E-4	5	1.3975261086389683E-4	3	3.84240154772186E-6	2	3.526372457655233E-6	4	3.1187852165608246E-6	1	1.608880656732907E-6	
3	file:/home/jamarq/PAN/KLDiv/../Data/cleaned/9dd443066d1d87106cf38c417792118a_en_25-34_female.xml	7	0.6343628944502754	0	0.19061792788838364	8	0.15416879120337076	6	0.020001618363488297	3	1.8239253318486648E-4	9	1.708662551841264E-4	2	1.6739114783212122E-4	4	1.4804364641308906E-4	5	1.0370357173329357E-4	1	7.637094013446622E-5	
4	file:/home/jamarq/PAN/KLDiv/../Data/cleaned/fd17ad398d0c93b2ab737394911d9680_en_25-34_male.xml	7	0.6792692974497343	0	0.3190171914005345	8	6.18032430541039E-4	6	3.5754326945160045E-4	3	1.5857560725922174E-4	9	1.485544375244202E-4	2	1.4553311176610824E-4	4	1.2871201863856214E-4	5	9.016189739461197E-5	1	6.639837715563616E-5	
5	file:/home/jamarq/PAN/KLDiv/../Data/cleaned/121503d0305016cc445a5409b84bd1dc_en_50-64_male.xml	3	0.8595405308866925	0	0.10000812430798078	6	0.027156060800962233	8	0.010681111432497196	2	0.001798583171881078	7	8.075171847393512E-4	9	2.7641528534167547E-6	4	2.394944907184796E-6	5	1.6776426884711336E-6	1	1.2354747978957077E-6	
6	file:/home/jamarq/PAN/KLDiv/../Data/cleaned/69dcc34685484753917caabc186c8ee8_en_25-34_male.xml	3	0.9440274972889638	7	0.05482660480551619	0	8.204832925637784E-4	8	1.2934091393854833E-4	6	7.482612717096867E-5	9	3.1089253200216355E-5	2	3.045695460943844E-5	4	2.693666109238525E-5	5	1.8868948675142975E-5	1	1.3895754269445481E-5	
7	file:/home/jamarq/PAN/KLDiv/../Data/cleaned/325a3910e81d6fdef13ebd10e62b6811_en_50-64_male.xml	7	0.4744827942313554	0	0.34605536017009675	6	0.1242541871758612	2	0.05489984663570152	8	1.571647409742139E-4	3	4.0325544434466915E-5	9	3.7777175663187475E-5	4	3.273127763196652E-5	5	2.2928038318899992E-5	1	1.688500996240322E-5	
8	file:/home/jamarq/PAN/KLDiv/../Data/cleaned/dce632f5ef586e0def244e8eb45dd2b8_en_50-64_female.xml	7	0.5099019339835554	0	0.48893786044399556	8	4.184651322405761E-4	6	2.4208987124156548E-4	3	1.073703566069637E-4	9	1.0058509759618996E-4	2	9.853938054233396E-5	4	8.714994430532696E-5	5	6.1047945790269E-5	1	4.495784412586405E-5	
9	file:/home/jamarq/PAN/KLDiv/../Data/cleaned/94abbb1487b94006fc74d0ab84ec2635_en_25-34_female.xml	7	0.787983242455117	0	0.1886088637069905	9	0.009877162558574844	2	0.0074371660649291665	6	0.005181802197368892	8	5.306615981494462E-4	3	1.3615787945307466E-4	4	1.1051608643253102E-4	5	7.741577011052029E-5	1	5.701168287413983E-5	
10	file:/home/jamarq/PAN/KLDiv/../Data/cleaned/7f4e15c615e37f97f38fa5380ef5f327_en_50-64_female.xml	7	0.677290273255511	0	0.17001048731826507	8	0.15184027941553718	6	2.8034809364089997E-4	3	1.243384311534042E-4	9	1.1648087635867245E-4	2	1.1411186821621723E-4	4	1.0092252361326434E-4	5	7.069554432501357E-5	1	5.206267337931778E-5	
11	file:/home/jamarq/PAN/KLDiv/../Data/cleaned/7b72e0ec27de5a09329c3a182a932fe1_en_18-24_female.xml	7	0.9003159173332201	8	0.06252916755227456	0	0.031867853453925524	1	0.004483740418425771	6	2.7910561654676626E-4	3	1.2378737460573062E-4	9	1.1596464377474181E-4	2	1.1360613485956717E-4	4	1.0047524422483281E-4	5	7.038222814247639E-5	
12	file:/home/jamarq/PAN/KLDiv/../Data/cleaned/6f302b80bf2f244c30f509a763d9b1fa_en_35-49_male.xml	8	0.9155040848085182	4	0.08399237475212015	7	2.1550558401200822E-4	9	1.760554890698785E-4	0	6.375771437212692E-5	6	2.1071949004567803E-5	3	9.345713917814417E-6	2	8.577049469607272E-6	5	5.3137258239216276E-6	1	3.91321369174598E-6	
13	file:/home/jamarq/PAN/KLDiv/../Data/cleaned/752e8784532ed8faa799cc8cb25dd3f3_en_35-49_male.xml	3	0.8191215025925962	0	0.10664895988191539	9	0.03408055785386995	8	0.017335835375854626	7	0.01070858182292993	2	0.009269393351682467	1	0.002799690098308314	6	2.200712633779152E-5	4	7.922346460934996E-6	5	5.5495500442830105E-6	
14	file:/home/jamarq/PAN/KLDiv/../Data/cleaned/c5d2e865b505de7169ba7e279d479e4b_en_35-49_female.xml	7	0.6185247591057615	6	0.279776573236207	2	0.0810966149598478	0	0.017473012002524362	8	0.001597647949897414	3	4.0992669853853254E-4	9	3.840214215802281E-4	4	3.3272767340872044E-4	5	2.3307348192919415E-4	1	1.7164347030519352E-4	
15	file:/home/jamarq/PAN/KLDiv/../Data/cleaned/77ca664bd8d7493d74e06c31310c880b_en_25-34_female.xml	8	0.7017790657383359	7	0.2648178364661794	0	0.03230761907629451	6	3.5754326945160045E-4	3	1.5857560725922174E-4	9	1.485544375244202E-4	2	1.4553311176610824E-4	4	1.2871201863856214E-4	5	9.016189739461197E-5	1	6.639837715563616E-5	
16	file:/home/jamarq/PAN/KLDiv/../Data/cleaned/56a8086bc186ef1bc7c5df85545e0116_en_35-49_male.xml	7	0.8117091439695668	0	0.18460442883222625	6	0.0015942178417488494	2	0.0014884719913215636	8	3.0826053653596624E-4	3	7.90939105451982E-5	9	7.409557873198959E-5	4	6.419863095115654E-5	5	4.4970706216230296E-5	1	3.311800215596408E-5	
17	file:/home/jamarq/PAN/KLDiv/../Data/cleaned/3bcfe66d0205a1ba9798f567ed9abd02_en_25-34_male.xml	7	0.932973090905744	8	0.04157223549593151	0	0.022456644623994056	2	0.002274127391274091	6	2.724641671527419E-4	3	1.2084179581647201E-4	9	1.132052105442143E-4	4	9.808438854042326E-5	5	6.870744992686634E-5	1	5.059857107575339E-5	
18	file:/home/jamarq/PAN/KLDiv/../Data/cleaned/f88316ce3babd449f686dfbfcea929d3_en_50-64_female.xml	0	0.5107821185355786	7	0.28669413163355506	9	0.1138854520858792	8	0.0883320606809335	6	1.1563015462689294E-4	3	5.128364467763911E-5	2	4.706567751270716E-5	4	4.162570488417803E-5	5	2.9158524374360507E-5	1	2.147335797778251E-5	
19	file:/home/jamarq/PAN/KLDiv/../Data/cleaned/d6320c38e7d241a2051948d9c92d5fcc_en_35-49_female.xml	7	0.8498657802456693	0	0.14828416249290494	8	6.672821394237998E-4	6	3.8603514311924374E-4	3	1.7121216499873517E-4	9	1.603924292539402E-4	2	1.571303403791902E-4	4	1.3896880960034442E-4	5	9.734671000244667E-5	1	7.168952464823638E-5	
20	file:/home/jamarq/PAN/KLDiv/../Data/cleaned/da166e95ddce4d299d22fd481fbc7f3a_en_35-49_female.xml	8	0.5665578970538075	7	0.2808598857235386	0	0.14849728265924944	6	0.0033187234627682872	3	1.646517871111605E-4	9	1.5424663379472322E-4	2	1.5110953916744018E-4	4	1.3364390815089768E-4	5	9.361665259833105E-5	1	6.89425798135834E-5	
21	file:/home/jamarq/PAN/KLDiv/../Data/cleaned/2da285ca4d7ccf55cddaec524cd6945e_en_25-34_male.xml	2	0.6487861974753132	5	0.15949743181526044	7	0.11019641272710205	3	0.08045323431406612	0	6.604485569727414E-4	8	3.377597475023226E-4	6	3.4935716056235204E-5	9	1.451532189714289E-5	4	1.2576510090872674E-5	1	6.4878157389510775E-6	
22	file:/home/jamarq/PAN/KLDiv/../Data/cleaned/4cc8bb446e118001fb0fd47be1ecd7d5_en_35-49_male.xml	4	0.9999305275334827	3	3.2930570963652156E-5	0	1.1885787742550139E-5	7	8.986471188020898E-6	8	6.790200446156881E-6	6	3.928257398443163E-6	9	1.6321383120200536E-6	2	1.5989436016807993E-6	5	9.905909878860186E-7	1	7.295058768867556E-7	
23	file:/home/jamarq/PAN/KLDiv/../Data/cleaned/8eddffd79435b9899bdce96f32ac8964_en_25-34_female.xml	7	0.5527363334359493	0	0.3277505503924514	8	0.1182531043570673	6	4.112437200500414E-4	3	1.8239253318486648E-4	9	1.708662551841264E-4	2	1.6739114783212122E-4	4	1.4804364641308906E-4	5	1.0370357173329357E-4	1	7.637094013446622E-5	
24	file:/home/jamarq/PAN/KLDiv/../Data/cleaned/eaa5dee7f527a6a158ba2de33c135db5_en_50-64_male.xml	1	0.48356360771052465	0	0.3788738637146509	2	0.05108122258097713	9	0.038162381831442514	6	0.025934195454962103	3	0.02233485349712489	7	2.4651689882471715E-5	8	1.862687946539169E-5	4	3.879251538351991E-6	5	2.7173894316035105E-6	
25	file:/home/jamarq/PAN/KLDiv/../Data/cleaned/71bad84ba0121a58a28f3806b5c38d35_en_50-64_male.xml	5	0.4117180848115659	9	0.2097978513458809	0	0.1414202468538674	4	0.12244053294614606	7	0.05107568017055013	8	0.02317421223001554	2	0.016894425069777678	6	0.012620185668784955	3	0.010856993234640122	1	1.7876687713315208E-6	
26	file:/home/jamarq/PAN/KLDiv/../Data/cleaned/2ca309cabcd1abfe3b5ce94a3d04083f_en_18-24_male.xml	8	0.7439034562746392	0	0.11578611615551461	7	0.07053577012460238	6	0.05566657215218721	2	0.008022840448826233	1	0.0060111045128615846	3	2.2351253878334432E-5	9	2.0938768611705225E-5	4	1.814197691250598E-5	5	1.2708331966372584E-5	
27	file:/home/jamarq/PAN/KLDiv/../Data/cleaned/ad2cb6ee14999d6fb82188de2eac5b36_en_35-49_male.xml	6	0.9546914999259641	0	0.0411157740203639	4	0.004108712537041651	7	7.066231422911552E-5	8	6.723517343505124E-6	3	1.7251292860649271E-6	9	1.6161099123483036E-6	2	1.5832411903645624E-6	5	9.80862897963652E-7	1	7.223417709580371E-7	
28	file:/home/jamarq/PAN/KLDiv/../Data/cleaned/5722ff3da020090f5e0f5a36c64ffc25_en_18-24_male.xml	7	0.7413144567662431	0	0.21847576302649233	8	0.03763025771506172	6	0.0020956815059671	3	1.039730212668771E-4	9	9.740245652514938E-5	2	9.542146857402258E-5	4	8.439240865925588E-5	5	5.911631074473988E-5	1	4.3535320465800166E-5	
29	file:/home/jamarq/PAN/KLDiv/../Data/cleaned/2563946085ca664411a7dcd198e79f0d_en_18-24_male.xml	7	0.7887103447849019	0	0.1587386369569839	8	0.04229747602400084	2	0.009616463716777624	6	2.3978545108838492E-4	3	1.0634831296527667E-4	9	9.962764190082546E-5	4	8.632037598437327E-5	5	6.0466838799431734E-5	1	4.4529896597469466E-5	
30	file:/home/jamarq/PAN/KLDiv/../Data/cleaned/b62d3ee201923f7177cfb7fbff1b9246_en_25-34_male.xml	7	0.7021586644769967	0	0.2962067082907889	8	5.89580430516956E-4	6	3.410832576328968E-4	3	1.512753541355974E-4	9	1.4171552317113567E-4	2	1.3883328843183868E-4	4	1.2278657819816608E-4	5	8.601116649429795E-5	1	6.334163363365397E-5	
31	file:/home/jamarq/PAN/KLDiv/../Data/cleaned/7deda4c651b4b8a9fa937903db9de6bd_en_50-64_male.xml	9	0.5626822870913308	3	0.13276379677896427	0	0.12973750403352172	8	0.10156006148090038	6	0.042340889023264966	4	0.020787213252992542	7	0.010119220782453345	2	4.34901410980249E-6	5	2.694337798300604E-6	1	1.9842046638976432E-6	
32	file:/home/jamarq/PAN/KLDiv/../Data/cleaned/c82ac59e4431be73a1a9c148abbacfb7_en_35-49_male.xml	8	0.48754297813140934	9	0.2324969727080402	3	0.2303879701195568	1	0.04643359853725853	0	0.0018925715284023516	7	8.047541665116446E-4	6	3.9600588676597E-4	2	1.8031109771009344E-5	4	1.5947027509794425E-5	5	1.1170784774378247E-5	
33	file:/home/jamarq/PAN/KLDiv/../Data/cleaned/3367e7e97bd85d17a035596a8636225d_en_35-49_male.xml	7	0.8636454111963809	0	0.10598735897843348	8	0.024724542857000043	6	0.005308242472178885	3	7.186907617401545E-5	9	6.73273170505844E-5	2	6.595800247046943E-5	4	5.833440610398908E-5	5	4.0862856424409535E-5	1	3.0092837783232988E-5	
34	file:/home/jamarq/PAN/KLDiv/../Data/cleaned/ee0d877c8e51ba35f769168e0a931ab9_en_35-49_male.xml	0	0.9153469907983526	7	0.04962895063622243	2	0.01839424320479771	6	0.014210505198813488	8	0.001565881912960835	9	7.430289236159502E-4	3	3.944288127261991E-5	4	3.2014841104919155E-5	5	2.2426179383544567E-5	1	1.6515423475965246E-5	
35	file:/home/jamarq/PAN/KLDiv/../Data/cleaned/2091e8bf7636d0dca83cfba0fa734b8a_en_25-34_male.xml	5	0.9626294281184878	0	0.032994566698431003	6	0.001477137287204924	8	0.0012150910922314369	9	0.0011674408193195437	7	5.12466075040581E-4	3	1.2292662612826716E-6	2	1.1281618105432382E-6	4	9.977659532170556E-7	1	5.147152595034382E-7	
36	file:/home/jamarq/PAN/KLDiv/../Data/cleaned/ad82f4a5700c4e46c52c84874399a417_en_35-49_female.xml	7	0.8008507580119943	0	0.1636529773427328	2	0.018199821426123638	6	0.014713655930475354	8	0.002204917434457269	3	1.0114906332484053E-4	9	9.475695832449554E-5	4	8.210026970073527E-5	5	5.751068292708703E-5	1	4.235287993949347E-5	
37	file:/home/jamarq/PAN/KLDiv/../Data/cleaned/7a2db29d490c056dbbaba6170380848e_en_35-49_male.xml	8	0.5493174875983695	9	0.1965424788164981	0	0.17808338862455494	6	0.04389051759928687	1	0.032014934336183944	7	9.222487630279082E-5	3	1.7879962696022708E-5	2	1.6409375025507246E-5	4	1.4512737056874416E-5	5	1.0166074025389174E-5	
38	file:/home/jamarq/PAN/KLDiv/../Data/cleaned/cf3a2ee80d533483e436019df024846f_en_25-34_male.xml	1	0.8231041037294993	0	0.08683260580357825	8	0.06672602797186634	7	0.021026404658481046	6	0.002258103624172572	3	1.2457288821063573E-5	9	1.1670051692548247E-5	2	1.1432704169531763E-5	4	1.0111282678562424E-5	5	7.082885040848324E-6	
39	file:/home/jamarq/PAN/KLDiv/../Data/cleaned/a8ac8af521dd5428a2684753ff282c70_en_25-34_male.xml	5	0.6250901593109645	0	0.15895495449945463	9	0.10155199147667388	4	0.0568498565644088	3	0.018535469468241795	8	0.015830548218514588	6	0.014250634883990624	7	0.008928569876495015	2	5.36703314000666E-6	1	2.4486681162269366E-6	
40	file:/home/jamarq/PAN/KLDiv/../Data/cleaned/2f7cbda95a93a77d2414c09962414486_en_50-64_female.xml	7	0.45921356671829805	0	0.2639421374738684	8	0.21455404772018483	2	0.06126773721939979	6	3.848555917584461E-4	3	1.7068901692320624E-4	9	1.5990234146903175E-4	4	1.3854418284966054E-4	5	9.704926183924385E-5	1	7.147047340935049E-5	
41	file:/home/jamarq/PAN/KLDiv/../Data/cleaned/79ccd7fc8dafb588b483b27df2f34dc3_en_35-49_female.xml	0	0.6893875128346949	8	0.16744882387819993	6	0.06432478465684624	7	0.033798071551851	9	0.02944212565122086	4	0.015568259064741248	3	1.0472258099360046E-5	2	9.61093786591234E-6	5	5.954249058626803E-6	1	4.384917421856743E-6	
42	file:/home/jamarq/PAN/KLDiv/../Data/cleaned/83436be17ccd5f13421563e71f1831f9_en_35-49_female.xml	8	0.46032465163874087	0	0.22771833237462902	3	0.09774602795296056	9	0.0924691208302962	7	0.07293171753562694	6	0.048772021364478946	2	1.288036444542928E-5	4	1.1391618638897601E-5	5	7.979751710390147E-6	1	5.87656847277574E-6	
43	file:/home/jamarq/PAN/KLDiv/../Data/cleaned/427243f7ecba77db502e1ecc334a3670_en_25-34_male.xml	7	0.8726613297556508	8	0.07934849242843998	0	0.04736802030320671	6	2.0306029437978403E-4	3	9.00601752087224E-5	9	8.436883139039319E-5	2	8.265292355400445E-5	4	7.309968506762975E-5	5	5.120583434522777E-5	1	3.770976875678132E-5	
44	file:/home/jamarq/PAN/KLDiv/../Data/cleaned/0745bfb436637124afa2c14ebe7b55ce_en_35-49_male.xml	4	0.4619838756561418	0	0.3219478717334751	6	0.15946248782666778	8	0.03586278821526218	5	0.009272962870972155	9	0.005489094094683366	2	0.003171384582231247	7	0.0028034124496823095	3	4.3155674130443135E-6	1	1.8070034709908116E-6	
45	file:/home/jamarq/PAN/KLDiv/../Data/cleaned/cb849ed0e8f9f46b34ea0c916d91246a_en_25-34_female.xml	3	0.7916805233151678	4	0.17606124774124418	8	0.029629083506962556	9	0.0023234324868415053	5	2.1406629225326383E-4	0	4.0152386436309524E-5	7	3.0357959577928622E-5	6	1.3270379086354145E-5	2	5.4015268297881765E-6	1	2.464405600266194E-6	
46	file:/home/jamarq/PAN/KLDiv/../Data/cleaned/db62119e6b5ec7f69d03f35e94c20113_en_25-34_female.xml	7	0.7752735618724717	0	0.22257273878274633	8	7.768003382523107E-4	6	4.493934604802225E-4	3	1.9931249441019328E-4	9	1.8671696114203943E-4	2	1.8291947939990405E-4	4	1.6177717329177212E-4	5	1.133238143058158E-4	1	8.345562349980554E-5	
47	file:/home/jamarq/PAN/KLDiv/../Data/cleaned/298ac0ec801d9f4cc6f45733f904eb1b_en_25-34_male.xml	7	0.747563078841697	0	0.16530580322970603	8	0.0611617323352804	6	0.025857590270886823	3	2.402379659267664E-5	9	2.2505615155502548E-5	2	2.2047892074932852E-5	4	1.949953973533216E-5	5	1.3659295530094697E-5	1	1.0059183341251669E-5	
48	file:/home/jamarq/PAN/KLDiv/../Data/cleaned/920189e406fe3bd1b1d90f171d254c81_en_50-64_male.xml	2	0.9715966187115528	0	0.024526872839443485	7	0.00382766745726	8	1.9251109458515262E-5	6	1.1137125296713892E-5	3	4.9394760241389856E-6	9	4.627326327887383E-6	4	4.00925426723684E-6	5	2.8084554627847166E-6	1	2.0682449064556855E-6	
49	file:/home/jamarq/PAN/KLDiv/../Data/cleaned/f63a0abd1aa908e77bcd4b24f9167d50_en_25-34_female.xml	7	0.8807383346532006	0	0.11790298799684737	8	4.90050306963968E-4	6	2.8350322780678553E-4	3	1.2573777875434498E-4	9	1.1779179232709807E-4	2	1.153961225497002E-4	4	1.0205834051226375E-4	5	7.149117637079962E-5	1	5.264860466714324E-5	
50	file:/home/jamarq/PAN/KLDiv/../Data/cleaned/d2a64c8cda3ca7eb0a29f38a9ee59a71_en_25-34_male.xml	7	0.429939880080759	0	0.28758487039126585	3	0.2274454601722851	6	0.02822777705835685	5	0.019104694203796988	8	0.00737815205313604	1	2.9728316637765023E-4	9	7.68874494775399E-6	2	7.532369927614175E-6	4	6.661759147112523E-6	
51	file:/home/jamarq/PAN/KLDiv/../Data/cleaned/1f3826ca58250a9792a9d76b6755e352_en_25-34_male.xml	0	0.6569574179727757	6	0.28704895636732747	8	0.020573599202060318	3	0.016279134138183656	7	0.009831194487832337	2	0.009271455853081095	9	1.3095125863057523E-5	4	1.1346009666544664E-5	5	7.947802934129348E-6	1	5.853040275642298E-6	
52	file:/home/jamarq/PAN/KLDiv/../Data/cleaned/530a6b79d79885afb1136a137bf7c606_en_35-49_male.xml	0	0.49080715646366846	1	0.4268673415835594	8	0.05291700854908883	3	0.023482077712397905	7	0.003635040537527993	6	0.0022820298987563433	9	2.7064003712774306E-6	2	2.651357133994792E-6	4	2.344906425121155E-6	5	1.642591070655449E-6	
53	file:/home/jamarq/PAN/KLDiv/../Data/cleaned/cb3cc661832e991adc4194df9a4f5e9d_en_25-34_male.xml	7	0.7627070971359858	0	0.13873054922950806	8	0.07696637907122102	6	0.02032364379043291	1	0.0010334427924248452	3	5.6410596093374365E-5	9	5.2845734081722424E-5	2	5.177094843237576E-5	4	4.5787128432141414E-5	5	3.207357338777553E-5	
54	file:/home/jamarq/PAN/KLDiv/../Data/cleaned/64541aaba090c2ef787f41df4f60b427_en_25-34_female.xml	7	0.6060786423372571	0	0.38692467884190707	8	0.0025235753021125764	6	0.0014599353037748504	3	6.475024063810886E-4	9	6.065835561859872E-4	2	5.942467552568872E-4	4	5.255621797014429E-4	5	3.68152747676147E-4	1	2.711205697468538E-4	
55	file:/home/jamarq/PAN/KLDiv/../Data/cleaned/91ecc62e3cbf4dbe55f006dcb1dcf1ce_en_25-34_male.xml	3	0.9438881092454843	0	0.02656196743179694	8	0.018154056758830892	7	0.00985437354112267	6	0.0014470175744489642	9	2.422457694760018E-5	2	2.373189332578671E-5	4	2.098889977001356E-5	5	1.470258214816619E-5	1	1.0827496124698911E-5	
56	file:/home/jamarq/PAN/KLDiv/../Data/cleaned/c8792bbc040e42454c553884e49b0ad4_en_25-34_female.xml	7	0.8001074173044471	8	0.08645250297059659	0	0.08209030521586597	9	0.02929898043338607	2	0.0016166557693980722	6	1.9369221331745154E-4	3	8.59052958689672E-5	4	6.972726911877989E-5	5	4.884347981168574E-5	1	3.5970048189378706E-5	
57	file:/home/jamarq/PAN/KLDiv/../Data/cleaned/f40c67d538d653971ab3b2099f6dc9ed_en_25-34_female.xml	7	0.5988718428785365	0	0.21034304839535328	8	0.18511150488015857	2	0.004303660179334286	6	5.156233511675811E-4	3	2.2868640809221676E-4	9	2.1423459326934825E-4	4	1.8561927480204872E-4	5	1.3002504495062404E-4	1	9.575499433562288E-5	
58	file:/home/jamarq/PAN/KLDiv/../Data/cleaned/b3852c74baf935863c9293597c8222e0_en_25-34_female.xml	7	0.9872996451948952	0	0.008837729643617242	8	0.001393178922236738	6	8.059799489025418E-4	3	3.574637554554167E-4	9	3.348738689692655E-4	2	3.2806314649632616E-4	4	2.901447602819278E-4	5	2.0324443966327412E-4	1	1.4967631948209725E-4	
59	file:/home/jamarq/PAN/KLDiv/../Data/cleaned/14bd7b5d73bb987fb12de857a8af04d4_en_25-34_female.xml	7	0.7580340575460383	0	0.21716897895595272	8	0.02010281666822949	6	0.002215252643610477	3	0.0020773524866195938	9	1.0295984800033785E-4	2	1.008658328634008E-4	4	8.920749925537934E-5	5	6.248924909863635E-5	1	4.601927033172338E-5	
60	file:/home/jamarq/PAN/KLDiv/../Data/cleaned/e51f0508ffb0e5ce259413320dea1466_en_25-34_female.xml	1	0.4156092027099332	3	0.17700947220895907	8	0.1342676945601799	9	0.08778226105120639	4	0.08153121618228919	0	0.06471269498890181	6	0.03860090771664864	7	4.790293479023585E-4	2	4.64408894041993E-6	5	2.8771450390652986E-6	
61	file:/home/jamarq/PAN/KLDiv/../Data/cleaned/daadc248fd9c1f691ba9fa366f8e0e68_en_25-34_female.xml	8	0.5124418432257934	7	0.4841432519663004	0	0.0017044841680098832	6	0.0013895970720510576	3	6.894206276734826E-5	9	6.458527596514127E-5	2	6.327172948929742E-5	4	5.595861949553289E-5	5	3.919863399445423E-5	1	2.8867246133454276E-5	
62	file:/home/jamarq/PAN/KLDiv/../Data/cleaned/3673b860b3068ced30eae56ddf4aa88d_en_25-34_female.xml	7	0.47460277075680146	8	0.270191272311607	0	0.17536195054308074	3	0.0697253776806672	6	0.004889646163326316	9	0.00456993374072642	2	2.2263746489313004E-4	4	1.9690445138712562E-4	5	1.3793023472315812E-4	1	1.0157665278748865E-4	
63	file:/home/jamarq/PAN/KLDiv/../Data/cleaned/a5ed4c18c0390f87ec8fd26f61e38b8b_en_25-34_female.xml	2	0.5918469618134187	0	0.20665880536929737	3	0.11051696650049517	6	0.05029431563392774	8	0.040663899621722	7	1.244846976034932E-5	9	2.2609124312302834E-6	4	1.9589223172201222E-6	5	1.372211817026858E-6	1	1.0105448132440807E-6	
64	file:/home/jamarq/PAN/KLDiv/../Data/cleaned/cb18e30e112592b891b1a19714a8c9b4_en_50-64_female.xml	7	0.5868324721127925	8	0.21394416220450516	0	0.17387474167396552	6	0.021945850602748795	3	0.0028515778671684084	9	1.4133279048975897E-4	2	1.3845833983371162E-4	4	1.224549671279088E-4	5	8.577887518531448E-5	1	6.317056618288422E-5	
65	file:/home/jamarq/PAN/KLDiv/../Data/cleaned/d28c1d83999e19eb1710ac909ac8de47_en_35-49_female.xml	7	0.78921430038524	0	0.20588497217155816	8	0.004174344732536703	6	2.3707740250431426E-4	3	1.0514725428120428E-4	9	9.850248400088105E-5	2	9.649912350132914E-5	4	8.534550544531473E-5	5	5.978394858882561E-5	1	4.402699234334464E-5	
66	file:/home/jamarq/PAN/KLDiv/../Data/cleaned/6e6763685d90463cf4744c69b67bc6a8_en_35-49_male.xml	8	0.7675314991547943	3	0.10748456366742745	5	0.0438283223020638	4	0.041067406017471754	0	0.03430430678313433	2	0.0037132168773024005	7	0.0019776734579597644	6	5.808899394034445E-5	9	2.4135198613591734E-5	1	1.078754729227134E-5	
67	file:/home/jamarq/PAN/KLDiv/../Data/cleaned/ca9795912e9c0fd29c5b2c5b43165ddc_en_25-34_female.xml	7	0.9808185410124077	0	0.008122310171121005	8	0.005327553828111179	6	0.005107113654250656	3	1.341953511158135E-4	9	1.2571488924405453E-4	2	1.231580781557694E-4	4	1.0892314923184705E-4	5	7.629992838910781E-5	1	5.618993797296423E-5	
68	file:/home/jamarq/PAN/KLDiv/../Data/cleaned/a19b3aa4172e27805ebb7d758f1a9554_en_25-34_female.xml	7	0.4554599484541046	0	0.3076644154776749	8	0.22792467022373777	6	0.005620156859909846	1	0.0027054289745222604	3	1.4767615804160323E-4	9	1.3834377791646126E-4	2	1.3553011831337814E-4	4	1.198651970176625E-4	5	8.396475876149123E-5	
69	file:/home/jamarq/PAN/KLDiv/../Data/cleaned/0f35f8ef1f873d9a7ca0217d2c144ad9_en_25-34_male.xml	7	0.9100215081179142	0	0.08932399634640924	8	2.3606468318336496E-4	6	1.3656781498269926E-4	3	6.0569799638972444E-5	9	5.674209717277385E-5	2	5.558806661922299E-5	4	4.916305423520317E-5	5	3.443838655042361E-5	1	2.5361633293924717E-5	
70	file:/home/jamarq/PAN/KLDiv/../Data/cleaned/0a012eb53f5e7bad0691c9a0fcb761d6_en_35-49_male.xml	2	0.797432486260986	0	0.14233924309110896	6	0.04691564432463668	7	0.01130113300162213	9	0.001965686424922293	8	2.6660393729575472E-5	3	6.840560327451373E-6	4	5.5523188186556844E-6	5	3.889361731133823E-6	1	2.864262117158532E-6	
71	file:/home/jamarq/PAN/KLDiv/../Data/cleaned/ceed88f668081db61cedbf12dd85e48d_en_25-34_female.xml	0	0.9583258185805086	4	0.029340775358590355	5	0.009803468131252234	9	0.0014671288431556521	7	4.0170999801063994E-4	8	3.035330944312803E-4	6	1.7559954721909195E-4	3	7.788093697700353E-5	2	7.147540092339366E-5	1	3.2610108931698197E-5	
72	file:/home/jamarq/PAN/KLDiv/../Data/cleaned/109178ef55eccb9e70d989b81cd608fe_en_65-xx_female.xml	7	0.9131171754481519	8	0.0533141190001009	0	0.02906080874826954	3	0.0019949292115706875	5	0.0019493944884132193	6	2.3797326330517483E-4	9	9.887470215947243E-5	2	9.686377142284781E-5	4	8.566800641778383E-5	1	4.419336018862872E-5	
73	file:/home/jamarq/PAN/KLDiv/../Data/cleaned/755e49db52cf4147d53df66d0c73bc6b_en_25-34_male.xml	7	0.7716359177319887	0	0.18619197965263554	8	0.03751460927422934	2	0.004004247617951762	6	2.458705106912941E-4	3	1.0904712484116487E-4	9	1.0215590262853888E-4	4	8.851093688131786E-5	5	6.200131187285609E-5	1	4.5659936279514664E-5	
74	file:/home/jamarq/PAN/KLDiv/../Data/cleaned/a32d584d94c8b4df00c723964397af63_en_25-34_female.xml	7	0.8001292875563933	8	0.1743891349222764	0	0.021065461869266704	2	0.0037967248228040536	6	2.33128108000136E-4	3	1.0339568509293195E-4	9	9.686160505331662E-5	4	8.392379872822108E-5	5	5.878805266156351E-5	1	4.329357972341387E-5	
75	file:/home/jamarq/PAN/KLDiv/../Data/cleaned/d72e4b7b00cf79d63985c39ee99d5d23_en_50-64_female.xml	7	0.5028071744438989	0	0.3567896217648883	2	0.10005845311130764	6	0.03686803197639311	8	0.0029680638888436167	3	1.3615787945307466E-4	9	1.2755339579816147E-4	4	1.1051608643253102E-4	5	7.741577011052029E-5	1	5.701168287413983E-5	
76	file:/home/jamarq/PAN/KLDiv/../Data/cleaned/e82f0de508f17e5e333744972538b360_en_50-64_male.xml	7	0.5343139358348229	0	0.3217170377409116	8	0.10995264811408154	6	0.033725364621750555	3	6.253619118097944E-5	9	5.8584222796786805E-5	2	5.73927267747476E-5	4	5.0759127106560865E-5	5	3.555642478790769E-5	1	2.6184995786419545E-5	
77	file:/home/jamarq/PAN/KLDiv/../Data/cleaned/a60b395bd833e09056306cf9e2a5424f_en_35-49_female.xml	7	0.6712029356149937	0	0.32780957825525364	8	3.56168358164699E-4	6	2.060500274102671E-4	3	9.13861650157155E-5	9	8.561102540336626E-5	2	8.386985361101123E-5	4	7.417595920399958E-5	5	5.195975708902644E-5	1	3.826498385468306E-5	
78	file:/home/jamarq/PAN/KLDiv/../Data/cleaned/355cb0e198dc1ee4fedadd9a15937aed_en_25-34_male.xml	8	0.4505292041189534	0	0.23768933270745873	6	0.10200820267804481	7	0.08480562455799769	3	0.08315438696436894	4	0.0416005238354825	9	7.012407806187899E-5	2	6.869788247420827E-5	5	4.256028992784253E-5	1	3.134288722999953E-5	
79	file:/home/jamarq/PAN/KLDiv/../Data/cleaned/23120d5588a1042cf38f5df310432a83_en_25-34_female.xml	7	0.4113072554535713	8	0.3878859919228145	0	0.1636600557152694	6	0.03389329402225195	2	0.002714539239217319	3	1.4424424847084763E-4	9	1.3512874752982134E-4	4	1.1707959829745789E-4	5	8.201346572257993E-5	1	6.039758685484501E-5	
80	file:/home/jamarq/PAN/KLDiv/../Data/cleaned/4e12db3babc8b873a1acc07d835551ac_en_25-34_female.xml	7	0.6286162753317729	8	0.31078797614106557	0	0.05423265533872604	6	0.0059859499043142675	3	8.10446568523867E-5	9	7.592304782024292E-5	2	7.437891178599526E-5	4	6.578200496049903E-5	5	4.6079848986871775E-5	1	3.393481371531022E-5	
81	file:/home/jamarq/PAN/KLDiv/../Data/cleaned/d24b9964ae7655c41a5ad61f9a8046f8_en_35-49_female.xml	8	0.5708915951879833	3	0.3787274580367876	0	0.02736497211653383	4	0.01495675891810915	9	0.003340698296972307	6	0.0028319863977409637	2	0.0014794213269626291	7	4.035700892776986E-4	5	2.0384463725396963E-6	1	1.5011832599645093E-6	
82	file:/home/jamarq/PAN/KLDiv/../Data/cleaned/e539ade0a2ab4a3fe264de60bd448293_en_18-24_female.xml	8	0.6548827736387652	3	0.12953015306565852	4	0.07950541488784563	0	0.05682425339300418	9	0.046663230475819197	2	0.03234671405710291	6	1.8964140878293542E-4	7	4.8529970693040164E-5	5	5.349524925310026E-6	1	3.939577403075349E-6	
83	file:/home/jamarq/PAN/KLDiv/../Data/cleaned/6668a185a1dba76ba3b03f6f3d59f47b_en_25-34_female.xml	3	0.817114466112999	7	0.10551577689389674	8	0.05172236734982743	0	0.02546997183369331	6	6.770662076969334E-5	9	2.8131193688943314E-5	2	2.755905662241849E-5	4	2.4373709643113575E-5	5	1.7073618541711496E-5	1	1.2573610317696905E-5	
84	file:/home/jamarq/PAN/KLDiv/../Data/cleaned/0044bf0a3b4fdb88798235d1352f5325_en_50-64_female.xml	7	0.8501808490486349	0	0.11814116130066417	9	0.025630899729128315	6	0.005322828655791206	8	3.707238420471766E-4	3	9.512083100014468E-5	2	8.729735151888637E-5	4	7.720729804674392E-5	5	5.408318941957909E-5	1	3.982875374887045E-5	
85	file:/home/jamarq/PAN/KLDiv/../Data/cleaned/ebb150c68b95d6f1c846b4cb8727d8f7_en_25-34_male.xml	7	0.8380353250582325	0	0.0921368883922168	8	0.06666558428834389	6	0.002569068041457206	3	1.2745914173977436E-4	9	1.1940437394980504E-4	2	1.1697590720938635E-4	4	1.0345552957868893E-4	5	7.246989784980653E-5	1	5.336936942222599E-5	
86	file:/home/jamarq/PAN/KLDiv/../Data/cleaned/85cd4542fdbd671a1081fdf9cc9c99f1_en_25-34_male.xml	6	0.5634213811918686	0	0.26619718780408547	8	0.09930593231204098	4	0.03236514384362448	2	0.02727874379685299	9	0.0109230648011249	3	3.8377214374369907E-4	7	1.0472813594165761E-4	5	1.1544325405527202E-5	1	8.501645311752221E-6	
87	file:/home/jamarq/PAN/KLDiv/../Data/cleaned/9fd50a877070139eb06c70e34346d8bf_en_35-49_male.xml	3	0.7723944221938398	5	0.12472962707500435	0	0.0775649802120888	4	0.025274513305997986	7	1.3843842806735151E-5	8	1.0460442774036316E-5	6	6.05156092871402E-6	9	2.5143424774538018E-6	2	2.4632053467228512E-6	1	1.1238187353977244E-6	
88	file:/home/jamarq/PAN/KLDiv/../Data/cleaned/9fd6232ade715eb689acbf07177bdf4e_en_35-49_female.xml	7	0.8391560237365243	0	0.12432589289896355	6	0.03590824392673507	8	2.7795684208349884E-4	3	7.131854712973607E-5	9	6.681157863452341E-5	2	6.545275323121772E-5	4	5.7887554877415984E-5	5	4.05498401663546E-5	1	2.986232165437189E-5	
89	file:/home/jamarq/PAN/KLDiv/../Data/cleaned/788624fbd848021d505fc0ff3550fff3_en_35-49_female.xml	7	0.5502829178827557	0	0.39958863967085945	8	0.04567605480950008	6	0.00361725337004031	3	1.7946274779827556E-4	9	1.6812161729375523E-4	2	1.6470233086028743E-4	4	1.4566560985498564E-4	5	1.0203777322884747E-4	1	7.514418780826555E-5	
90	file:/home/jamarq/PAN/KLDiv/../Data/cleaned/2964569986f901b8461b8de8e0315d53_en_25-34_male.xml	6	0.7430555080577763	0	0.17644070634197406	8	0.05925337099240707	5	0.009601912869688752	2	0.007146121678560761	3	0.0041033293061524595	7	3.848800960693073E-4	9	6.125485737995381E-6	4	5.30730449805313E-6	1	2.7378671352448044E-6	
91	file:/home/jamarq/PAN/KLDiv/../Data/cleaned/049a61c8481194920950bf2411e9f721_en_25-34_male.xml	7	0.7385201535677218	0	0.260070409765516	8	5.08358273005348E-4	6	2.940947270744104E-4	3	1.3043526174913138E-4	9	1.2219241835106332E-4	2	1.1970724788300637E-4	4	1.0587117483924133E-4	5	7.416204099562504E-5	1	5.4615522864468164E-5	
92	file:/home/jamarq/PAN/KLDiv/../Data/cleaned/9e46d220751b35e62cc149fea318fae9_en_25-34_female.xml	7	0.6670554041804356	0	0.21363664882237837	8	0.10691773941442555	6	0.01143894358917297	3	2.044179684014596E-4	9	1.9149979521202544E-4	2	1.8760503936610568E-4	4	1.65921164129205E-4	5	1.1622665182356174E-4	1	8.559337465516604E-5	
93	file:/home/jamarq/PAN/KLDiv/../Data/cleaned/7b929a991be4703bfb474b2192b9e3d3_en_35-49_male.xml	1	0.8870721233673732	0	0.07246622123118616	4	0.011986817849166376	8	0.008909745019368191	9	0.007991842676519957	6	0.00785125879009772	7	0.0037180275438075867	3	1.5941283932566767E-6	2	1.463014833335024E-6	5	9.063792541036461E-7	
94	file:/home/jamarq/PAN/KLDiv/../Data/cleaned/712cfd0cbc471bb71c3719087c7f8163_en_25-34_male.xml	8	0.40975528661113736	0	0.3267697265113466	4	0.11368397135098195	7	0.055552785772971104	5	0.04905849720956466	6	0.04218952170097525	1	0.0028982109351284356	3	3.222913340987022E-5	9	3.0192416528326697E-5	2	2.9578357956379148E-5	
95	file:/home/jamarq/PAN/KLDiv/../Data/cleaned/7f8f9c613d650159608b025916e3dc5d_en_50-64_female.xml	7	0.8251749133621253	8	0.07395136768521429	3	0.06766878334290569	0	0.02460116236758076	6	0.008198242238468345	9	1.0398275085205078E-4	2	1.0186793174058672E-4	4	9.009377295483358E-5	5	6.311007782309391E-5	1	4.6476470335125807E-5	
96	file:/home/jamarq/PAN/KLDiv/../Data/cleaned/d01d632ac60eee20c22fc739e09630c4_en_35-49_female.xml	7	0.7006011582339249	8	0.26345309956524393	0	0.035164984341001786	6	2.5482440960590097E-4	3	1.1301830841259462E-4	9	1.0587612764899616E-4	2	1.0372280071385394E-4	4	9.173425137903545E-5	5	6.42592218496227E-5	1	4.7322740219461266E-5	
97	file:/home/jamarq/PAN/KLDiv/../Data/cleaned/d5bafdf68fc64ed3e9bc147dfcc5aef4_en_50-64_male.xml	9	0.8987498738109762	0	0.08221102690671493	4	0.011014034757098385	5	0.004260004235335471	6	0.0036240139926805807	7	1.000306770012241E-4	3	3.2121113372676935E-5	8	6.62329233814224E-6	2	1.559640395023667E-6	1	7.115740872934684E-7	
98	file:/home/jamarq/PAN/KLDiv/../Data/cleaned/379fa2087c5d74668270f6a607208e5c_en_25-34_female.xml	7	0.49273588092537307	8	0.3687835637582579	0	0.11872663137533361	6	0.01894979014640428	3	1.7280102866243854E-4	9	1.6188088483638425E-4	2	1.5858852349541724E-4	4	1.4025845214393198E-4	5	9.825009587053086E-5	1	7.235480962248217E-5	
99	file:/home/jamarq/PAN/KLDiv/../Data/cleaned/dfc648f66390a808d76f67f8d67984b3_en_35-49_male.xml	7	0.7258858534792929	0	0.26344612246633237	9	0.003907172569513496	2	0.003905146325358619	6	0.0021435579148947202	8	4.1448182026146267E-4	3	1.0634831296527667E-4	4	8.632037598437327E-5	5	6.0466838799431734E-5	1	4.4529896597469466E-5	
100	file:/home/jamarq/PAN/KLDiv/../Data/cleaned/5c9583085493bf65d2a322a794d752f2_en_35-49_female.xml	9	0.40275199211846613	0	0.19723656861843533	4	0.15664260258264706	8	0.0987084715788401	1	0.05496605430733672	5	0.04688901287398912	6	0.02652723809483862	2	0.01159435453254367	7	0.004678800512516605	3	4.904780386681406E-6	
101	file:/home/jamarq/PAN/KLDiv/../Data/cleaned/0c1260e532652078f669e45e3f400c4b_en_35-49_male.xml	7	0.6640020249659963	0	0.23225032598737827	3	0.08352708486133649	8	0.017257362948473708	6	0.0028235334494476406	9	3.5812405471346225E-5	2	3.5084046595497065E-5	4	3.102894182990614E-5	5	2.1735563618090988E-5	1	1.6006829852835092E-5	
102	file:/home/jamarq/PAN/KLDiv/../Data/cleaned/af9393a9f93b3ef093de18b489cd2d52_en_65-xx_male.xml	8	0.9695764935017558	7	0.02802186161325494	0	0.0022409353610772466	6	5.24525101263437E-5	3	2.3263446290886954E-5	9	2.179331511543872E-5	2	2.135007891587073E-5	4	1.888238162440146E-5	5	1.3226980452897117E-5	1	9.74081138618733E-6	
103	file:/home/jamarq/PAN/KLDiv/../Data/cleaned/4e1a38925af9f48889fe3e952b247326_en_35-49_female.xml	7	0.5120086539832286	0	0.19204823372215643	8	0.16635219880368926	3	0.08209660409813385	6	0.03928756430749733	1	0.007853998695640721	9	1.0215590262853888E-4	2	1.0007823827115826E-4	4	8.851093688131786E-5	5	6.200131187285609E-5	
104	file:/home/jamarq/PAN/KLDiv/../Data/cleaned/f6cd7617d07c0e180e7ffa284de08c15_en_65-xx_male.xml	8	0.6018063240635234	3	0.15384064067506326	0	0.0941363837275399	9	0.08789822880022082	4	0.032800104253286624	6	0.019601242300542134	2	0.0058640604616541315	7	0.0040481923301146	5	2.7777532977011203E-6	1	2.045634757427954E-6	
105	file:/home/jamarq/PAN/KLDiv/../Data/cleaned/fe826c2665b9aecd0e77a27eaa21e1d5_en_35-49_male.xml	4	0.6588869668367073	6	0.1035656835973629	0	0.08876623158624448	1	0.07479327649646166	9	0.07376461376352096	7	9.976054619603767E-5	8	7.537932199595384E-5	3	1.9340929649650573E-5	2	1.7750180655223983E-5	5	1.0996741205837598E-5	
106	file:/home/jamarq/PAN/KLDiv/../Data/cleaned/d422b458cbd644bc5927c8446b6db4ba_en_35-49_male.xml	7	0.8261313710520909	0	0.0947641662451671	4	0.040366269304308165	6	0.038313204387471544	2	3.119235177016154E-4	8	6.459893870056253E-5	3	1.657488414285199E-5	9	1.5527435987356873E-5	5	9.424040867600058E-6	1	6.940193562235652E-6	
107	file:/home/jamarq/PAN/KLDiv/../Data/cleaned/4fb4d4012ab1400519a8aacc1fa5b437_en_18-24_male.xml	9	0.28697669097057094	6	0.21868660978154786	3	0.16319172923985106	4	0.15037550249926887	5	0.10647617026374724	0	0.056900555088597114	2	0.012003816229978868	8	0.003710525372741369	7	0.0016752118044246508	1	3.1887492720272E-6	
108	file:/home/jamarq/PAN/KLDiv/../Data/cleaned/70121bb3fedd1b9881da204cce3d70c5_en_25-34_male.xml	7	0.949965963464321	0	0.04421491588483017	8	0.005195958480011703	6	2.0338819555013418E-4	3	9.020560411663903E-5	9	8.45050699329329E-5	2	8.278639125358108E-5	4	7.321772622559771E-5	5	5.128852137698767E-5	1	3.777066238124271E-5	
109	file:/home/jamarq/PAN/KLDiv/../Data/cleaned/7063a298b3fe8ae16adf08d157d7650b_en_25-34_female.xml	8	0.8582099215333988	3	0.07309717025091483	5	0.039235073424748364	0	0.029362377591216935	7	4.690263389774372E-5	6	2.0502554869467015E-5	9	8.518536822462907E-6	2	8.345285352135032E-6	4	7.380715706226446E-6	1	3.8074730730213783E-6	
110	file:/home/jamarq/PAN/KLDiv/../Data/cleaned/98aca1ff7d801140dcec5ca79627043f_en_25-34_female.xml	7	0.5417979323597797	0	0.33937441652953254	8	0.11103092293016094	6	0.007198130720687394	3	1.286331422775584E-4	9	1.2050418364032561E-4	2	1.1805334878083499E-4	4	1.0440843766911123E-4	5	7.313740351387676E-5	1	5.3860943957780366E-5	
111	file:/home/jamarq/PAN/KLDiv/../Data/cleaned/4e42116e64b482d8138352a72f32e8bc_en_25-34_female.xml	3	0.7699876476886046	8	0.13821150563967677	9	0.043256977590056214	0	0.03669670029476139	7	0.010303343895370914	6	0.0015274152274865433	2	5.543452899662958E-6	4	4.902726288778304E-6	5	3.434326563116004E-6	1	2.5291582919485383E-6	
112	file:/home/jamarq/PAN/KLDiv/../Data/cleaned/802ae19a2e58af637ecd26a581c8e61f_en_50-64_male.xml	0	0.8904169104196284	3	0.03968140773678685	8	0.031228332834488334	6	0.017424334505557693	4	0.01171606432891691	5	0.004233448207144276	7	0.003206627053170766	1	0.002086521588691948	9	3.209298439841999E-6	2	3.1440271749508974E-6	
113	file:/home/jamarq/PAN/KLDiv/../Data/cleaned/df8062f8e532887a2c796b784c93247a_en_18-24_male.xml	7	0.7659463611723067	8	0.1341656284372131	0	0.09917107396512216	6	2.33994315928803E-4	3	1.0377986082783477E-4	9	9.722150284084787E-5	2	9.524419515694536E-5	4	8.423562496181363E-5	5	5.900648482644991E-5	1	4.345444081536241E-5	
114	file:/home/jamarq/PAN/KLDiv/../Data/cleaned/d0d79ca665a426c76c4d69a4e868070a_en_25-34_male.xml	3	0.9564779359269536	8	0.02534357823584976	7	0.015415794357513102	0	0.001982730941158392	6	6.602772011472604E-4	9	3.068816573328246E-5	2	3.006402452854685E-5	4	2.6589146885606995E-5	5	1.8625517326725575E-5	1	1.3716482903704573E-5	
115	file:/home/jamarq/PAN/KLDiv/../Data/cleaned/2f0930b662599ca0e886fc97a3a766b0_en_35-49_male.xml	7	0.7222764243243901	0	0.14861152313014028	8	0.08884499866126051	3	0.039763377389468696	6	1.9221426248044104E-4	9	7.986245046858166E-5	2	7.82381941841945E-5	4	6.91952215264089E-5	5	4.847078407635499E-5	1	3.5695582004505946E-5	
116	file:/home/jamarq/PAN/KLDiv/../Data/cleaned/ade51b73b66e6c37d31deeaba14bd000_en_35-49_female.xml	9	0.7490778931961096	8	0.08740225582915906	3	0.05367826286663453	0	0.05217665898978489	4	0.023797398276413466	6	0.01443050239373644	2	0.013939110515424935	7	0.005494561614618652	5	1.932878635307558E-6	1	1.423439483105777E-6	
117	file:/home/jamarq/PAN/KLDiv/../Data/cleaned/269e60fba19ed6253ec9e8351c1309d4_en_35-49_male.xml	0	0.8691396945093528	6	0.06421284631562547	7	0.056205647087337995	5	0.010278312096036987	8	7.98292144270934E-5	3	2.0482689142576268E-5	9	1.918828763864637E-5	2	1.8798032936958237E-5	4	1.6625307714429937E-5	1	8.576459786953413E-6	
118	file:/home/jamarq/PAN/KLDiv/../Data/cleaned/02cfe71ae7860a601488e235dca4fc01_en_18-24_female.xml	2	0.7539124673807496	8	0.19604376958907713	4	0.04791324082267248	0	0.0015023801104174846	7	3.1343868766662544E-4	6	1.3701349706946551E-4	3	6.076746608550328E-5	9	5.6927272107868605E-5	5	3.4550774465428325E-5	1	2.5444399688420143E-5	
119	file:/home/jamarq/PAN/KLDiv/../Data/cleaned/8a27676432d2227fff82e5ca1973c62c_en_35-49_female.xml	7	0.7036846448072669	0	0.2561211360868207	8	0.03207247438898315	6	0.007791128409114011	3	7.104643339765495E-5	9	6.655666110268699E-5	2	6.520302025608669E-5	4	5.766668668488129E-5	5	4.039512349324448E-5	1	2.9748382880784753E-5	
120	file:/home/jamarq/PAN/KLDiv/../Data/cleaned/4aea1c28f32e0f24d10af683c56d5571_en_35-49_female.xml	7	0.6868239112409676	6	0.21386178511265788	0	0.09861521151370911	8	3.1863705343388376E-4	3	8.175633145874535E-5	9	7.658974822060904E-5	2	7.503205271869235E-5	4	6.63596541764247E-5	5	4.648448835067991E-5	1	3.423280430630853E-5	
121	file:/home/jamarq/PAN/KLDiv/../Data/cleaned/67b65b5ecfd4737ef2d1635f7787d27c_en_50-64_male.xml	6	0.6507212117483941	0	0.22711641386496928	4	0.080232117289227	2	0.03728797054339242	9	0.0045525766795956445	8	6.756353628760303E-5	7	1.598686764681434E-5	3	3.099430529056104E-6	5	1.762254246869569E-6	1	1.297785711137438E-6	
122	file:/home/jamarq/PAN/KLDiv/../Data/cleaned/f532e8fdd3e588fc7e0f1227c4cc0475_en_35-49_female.xml	7	0.6823829238674709	8	0.24578793577867428	0	0.07035211199793732	6	4.8207376208812743E-4	3	2.1380668047286662E-4	9	2.0029518855752682E-4	2	1.9622155048558887E-4	4	1.7354175662771964E-4	5	1.2156482526070319E-4	1	8.952459242502076E-5	
123	file:/home/jamarq/PAN/KLDiv/../Data/cleaned/6d5aaaa46480f919e85f286523221796_en_35-49_female.xml	3	0.8072263118987044	9	0.1264110017686814	0	0.06335706895519913	8	0.0014885855433536294	1	0.0013909961434695438	7	1.052546950727628E-4	6	1.0291712751819027E-5	2	4.189101320442869E-6	4	3.704914164841172E-6	5	2.5952672821042614E-6	
124	file:/home/jamarq/PAN/KLDiv/../Data/cleaned/d48cb961c642dec89459c1b9b6c4327e_en_18-24_female.xml	7	0.7139702186869221	8	0.22392749045004914	0	0.053290170009786836	6	0.00715923150750075	3	3.5519086639091514E-4	9	3.327446149032193E-4	2	3.259771975665179E-4	4	2.882999107196916E-4	5	2.0195213503859164E-4	1	1.4872462112226696E-4	
125	file:/home/jamarq/PAN/KLDiv/../Data/cleaned/0f993d529ff60d03fcbc9f439a7909f1_en_25-34_female.xml	7	0.7362859747499828	8	0.1468165676373889	1	0.055102173116645725	0	0.04708557138841759	6	0.014546820658191632	3	3.846514233082506E-5	9	3.603434148551989E-5	2	3.5301468836756953E-5	4	3.122123384668412E-5	5	2.1870262873606704E-5	
126	file:/home/jamarq/PAN/KLDiv/../Data/cleaned/66d2a329a83d33691b5fe7937bbfbffd_en_50-64_male.xml	2	0.661544971607573	0	0.15340049502663333	3	0.14211575528059534	6	0.035832032523099924	1	0.006677774421697789	8	3.6099911260562646E-4	7	4.690263389774372E-5	9	8.518536822462907E-6	4	7.380715706226446E-6	5	5.170141368633761E-6	
127	file:/home/jamarq/PAN/KLDiv/../Data/cleaned/7d754aec6549d9c7edf312ae2052d3e5_en_35-49_female.xml	7	0.7905743059160822	8	0.16024630849033292	0	0.04479572510146636	2	0.0037688217239950188	6	2.314147900916006E-4	3	1.026358038394243E-4	9	9.61497444200753E-5	4	8.330702133253571E-5	5	5.8356004272817006E-5	1	4.297540416705974E-5	
128	file:/home/jamarq/PAN/KLDiv/../Data/cleaned/0b04e1b76df8fb5dfce687471bc10363_en_25-34_male.xml	3	0.9036241430156334	4	0.048561096636691836	8	0.025666803988036332	0	0.011633511171005856	5	0.005593494290638886	7	0.004872217006189473	6	2.4267084274989026E-5	9	1.0082648347311969E-5	2	9.87758570716884E-6	1	4.506573474672679E-6	
129	file:/home/jamarq/PAN/KLDiv/../Data/cleaned/315fe267d4d6e4a9b826519559c61c11_en_50-64_female.xml	7	0.9147195046218121	2	0.045171393957647694	0	0.01637518184041771	8	0.009354934603169012	6	0.005412003866196558	3	0.0024003019295754037	9	0.0022486150877793244	4	0.0019482675301545765	5	0.0013647482108436406	1	0.001005048352404027	
130	file:/home/jamarq/PAN/KLDiv/../Data/cleaned/9d976a82f0d735e95f1338a0c4d08372_en_35-49_male.xml	0	0.5880920530514597	7	0.3112912308727694	2	0.046440456039721655	6	0.0258561018830533	8	0.015595106489990778	1	0.012618880918943393	3	3.200753505090868E-5	9	2.9984822055627928E-5	4	2.5979748835597863E-5	5	1.819863811965098E-5	
131	file:/home/jamarq/PAN/KLDiv/../Data/cleaned/8530e3cea6d6cfdd3892902b3876e60a_en_25-34_male.xml	7	0.6596101498862937	0	0.3239825024088228	8	0.015810220015374136	6	1.948910395494321E-4	3	8.643699262842845E-5	9	8.097461547303593E-5	2	7.932773978507223E-5	4	7.015883463126108E-5	5	4.9145788530536986E-5	1	3.61926789115769E-5	
132	file:/home/jamarq/PAN/KLDiv/../Data/cleaned/cd6ad18273b841d979fb938896543229_en_35-49_male.xml	7	0.7938746615655581	0	0.19781472142828724	4	0.004516482788164356	6	0.003152956208508535	8	3.2289012910448735E-4	3	8.284759143776453E-5	9	7.761204613374963E-5	2	7.60335589606509E-5	5	4.7104949920777104E-5	1	3.468973392438857E-5	
133	file:/home/jamarq/PAN/KLDiv/../Data/cleaned/d5f7f3664f9ea16fbb054021fa1db89b_en_35-49_male.xml	7	0.6375839879657098	0	0.27526961803453337	5	0.0432198544178416	8	0.04215473018549229	9	0.0013769057571846525	6	1.6480081395232603E-4	3	7.309154270862794E-5	2	6.707992381693011E-5	4	5.932665288208812E-5	1	3.060470587838495E-5	
134	file:/home/jamarq/PAN/KLDiv/../Data/cleaned/de7c1877406b7b524612d33cfd4a6faa_en_65-xx_female.xml	4	0.5046176284973031	9	0.25519171543355645	0	0.11987572122668876	8	0.07523508501096836	6	0.02483927095381006	7	0.020227411270617394	3	4.532671645258543E-6	2	4.1598693553804445E-6	5	2.57715724925595E-6	1	1.8979088059398404E-6	
135	file:/home/jamarq/PAN/KLDiv/../Data/cleaned/ef6363108b4493093b5e854157746f63_en_35-49_female.xml	7	0.4096120147427455	0	0.3675658814157681	8	0.21438548535256896	6	0.006854162114719556	3	3.400554622881458E-4	9	3.1856569115792845E-4	2	3.1208664721653367E-4	4	2.760148660734916E-4	5	1.9334654446053303E-4	1	1.4238716300125952E-4	
136	file:/home/jamarq/PAN/KLDiv/../Data/cleaned/0e1df8a8392b3c327ca155ab776075d6_en_50-64_female.xml	0	0.8326620075588773	4	0.09208964334388223	5	0.041859844046517186	8	0.014708938166590017	6	0.010351537122920092	9	0.008129523432660603	3	8.665776731764427E-5	2	8.628068144669425E-5	7	2.364816358871484E-5	1	1.919716199451387E-6	
137	file:/home/jamarq/PAN/KLDiv/../Data/cleaned/913e54a57730b7790f2d81c0f15df3c3_en_35-49_male.xml	5	0.7028276992289718	0	0.15875087639542498	1	0.07040880300711806	8	0.06479681501084882	6	0.0029336876435982237	7	1.649059428023672E-4	3	3.197089791672136E-5	9	2.995050020149302E-5	2	2.9341361765502357E-5	4	2.5950011352135642E-5	
138	file:/home/jamarq/PAN/KLDiv/../Data/cleaned/bba9dd588bd881e925c3b1e699dd149d_en_35-49_female.xml	7	0.7578358290401245	0	0.17275640024762062	6	0.04743775987308117	5	0.015580182974620767	8	0.00623546323653665	3	3.778861384268339E-5	9	3.540056614792434E-5	2	3.468058333122814E-5	4	3.067211189230392E-5	1	1.5822752802160698E-5	
139	file:/home/jamarq/PAN/KLDiv/../Data/cleaned/e70b835403729f1a2437127aa543d8f3_en_25-34_male.xml	0	0.5451381995389167	7	0.4534082417757843	8	5.242722857976924E-4	6	3.0330127980965815E-4	3	1.345185009413981E-4	9	1.260176176485396E-4	2	1.234546496177795E-4	4	1.0918544219791277E-4	5	7.648366283554015E-5	1	5.6325246450527677E-5	
140	file:/home/jamarq/PAN/KLDiv/../Data/cleaned/f9f2ea449732be0f491cf507b9f5d9df_en_35-49_female.xml	0	0.5955860175151095	7	0.18984072773846533	8	0.11550576448174243	2	0.09758829243324522	9	0.0011663120402800643	6	1.3959501044832665E-4	3	6.191240457736355E-5	4	5.0252814475389E-5	5	3.5201756218614994E-5	1	2.592380543761757E-5	
141	file:/home/jamarq/PAN/KLDiv/../Data/cleaned/0b085d7e81d2aa6897b0c7d1a07de06f_en_25-34_female.xml	0	0.41409904818886417	7	0.30157809233127203	6	0.19014289712167845	2	0.09337783387252764	3	5.937569582330111E-4	8	1.2243118308372648E-4	9	2.9428383754118523E-5	4	2.5497634008006024E-5	5	1.786091994789407E-5	1	1.3153406630923085E-5	
142	file:/home/jamarq/PAN/KLDiv/../Data/cleaned/1c8878c8b91130a12db45ef2e8185183_en_35-49_female.xml	8	0.8826170518194861	0	0.09981943708044336	5	0.00992647526699195	6	0.007367732110565249	7	1.5028412714226602E-4	3	2.913611484048948E-5	9	2.7294860959923085E-5	2	2.673973337260882E-5	4	2.364908589171607E-5	1	1.2199800306400816E-5	
143	file:/home/jamarq/PAN/KLDiv/../Data/cleaned/111a34249fffddcfcfe1f00951698366_en_35-49_male.xml	1	0.4184891513237081	9	0.24737746765863075	8	0.16302060204860944	4	0.1502888278933252	0	0.01931025004326321	7	9.549102626232601E-4	3	5.314094449235259E-4	6	1.650265801370466E-5	2	6.717181886349145E-6	5	4.161485016490918E-6	
144	file:/home/jamarq/PAN/KLDiv/../Data/cleaned/ae8bab06233d430ca5eaf08267ce42ef_en_25-34_male.xml	7	0.6738977950210445	0	0.21073401076248113	8	0.10717688024709063	9	0.007046079478193335	6	4.324219921244932E-4	3	1.91785402920768E-4	2	1.7601147465732376E-4	4	1.556676135881959E-4	5	1.0904410910853392E-4	1	8.03038987910813E-5	
145	file:/home/jamarq/PAN/KLDiv/../Data/cleaned/6487bbd4145eecb77b50c1eeb36c82de_en_35-49_female.xml	8	0.5609427736762409	0	0.4074550105269473	4	0.019999884884092597	2	0.01102620638123685	7	2.874822717962383E-4	6	1.2566716539526675E-4	3	5.573520400947455E-5	9	5.2213023333415654E-5	5	3.168956330689238E-5	1	2.3337303641018884E-5	
146	file:/home/jamarq/PAN/KLDiv/../Data/cleaned/a20faa0f43b78386e6b136ff1b3f4756_en_35-49_male.xml	0	0.8744728046408758	8	0.04229805393346424	7	0.037257980105010045	6	0.02367963842456792	2	0.020631952649544948	9	0.0016279594615606528	3	1.129373242164575E-5	4	9.166851844858801E-6	5	6.421317637699987E-6	1	4.7288830721703715E-6	
147	file:/home/jamarq/PAN/KLDiv/../Data/cleaned/f7032216f7e6a315e7aba80eb837869b_en_25-34_male.xml	7	0.7743116125934097	0	0.16180790619456298	8	0.06328793783524989	6	1.9339480768874474E-4	3	8.577339217449455E-5	9	8.035295118381172E-5	2	7.871871901132528E-5	4	6.962020605230395E-5	5	4.876848285867031E-5	1	3.591481780807864E-5	
148	file:/home/jamarq/PAN/KLDiv/../Data/cleaned/47fb01784d4b95b49b3969f117581b32_en_18-24_female.xml	8	0.9218591184587497	0	0.043764840727927	7	0.02268882993214975	5	0.009255901605420011	6	0.0023864006384822483	3	1.099367888781481E-5	9	1.0298934443515735E-5	2	1.0089472939464432E-5	4	8.92330558508707E-6	1	4.6032454154681E-6	
149	file:/home/jamarq/PAN/KLDiv/../Data/cleaned/0a485d9bc555d607f43264a186fb2396_en_35-49_female.xml	7	0.5964982892902505	0	0.28380126446167525	8	0.11040547035831656	9	0.008379245508983378	6	3.457649577876014E-4	3	1.5335175581469087E-4	2	1.4073891063223719E-4	4	1.2447194366035685E-4	5	8.719175358695458E-5	1	6.421105929247974E-5	
150	file:/home/jamarq/PAN/KLDiv/../Data/cleaned/44196f9071e35afd7e747b118e978d81_en_25-34_female.xml	6	0.7391016690675107	8	0.12631749821523197	3	0.10221571464279348	9	0.015101199727706629	0	0.014908622878811808	1	0.002307301311828804	7	3.320196109127735E-5	2	5.9075539374031446E-6	4	5.224743587709231E-6	5	3.659897500256149E-6	
151	file:/home/jamarq/PAN/KLDiv/../Data/cleaned/0ff365c959ec5aad4fd259e9084664ca_en_35-49_male.xml	7	0.4064084336535383	6	0.3093767312477373	0	0.2833089081719445	8	4.12909648224802E-4	3	1.0594492291143891E-4	9	9.924974404133402E-5	2	9.723118563826606E-5	4	8.599295394875526E-5	5	6.0237481880844167E-5	1	4.4360990134498976E-5	
152	file:/home/jamarq/PAN/KLDiv/../Data/cleaned/e6daefefdc379cd36fc04d7a57819232_en_50-64_female.xml	7	0.5255007358068807	0	0.38724317249961954	8	0.08611863725158139	6	3.7124334128223684E-4	3	1.646517871111605E-4	9	1.5424663379472322E-4	2	1.5110953916744018E-4	4	1.3364390815089768E-4	5	9.361665259833105E-5	1	6.89425798135834E-5	
153	file:/home/jamarq/PAN/KLDiv/../Data/cleaned/7aae392bc294eb33775b41d1ae9008a6_en_35-49_female.xml	9	0.7195851600403802	0	0.15347611647779355	8	0.09392419773892129	4	0.02244407335908133	6	0.010423846009877264	7	1.3020318921906022E-4	3	5.646451172980238E-6	2	5.182042962609677E-6	5	3.2104228393066735E-6	1	2.3642677524895523E-6	
154	file:/home/jamarq/PAN/KLDiv/../Data/cleaned/603d5ea042f656afdbec4a39f7203ea3_en_35-49_female.xml	7	0.4904315979622378	8	0.2876730392727494	0	0.17635943170903728	6	0.04532599781922981	3	4.511274056916907E-5	9	4.226184541411098E-5	2	4.1402316716945924E-5	4	3.661692996378443E-5	5	2.5649911462979017E-5	1	1.8889492618744884E-5	
155	file:/home/jamarq/PAN/KLDiv/../Data/cleaned/c191a1fb49e90564d6a2effeaf8493d6_en_50-64_female.xml	4	0.9713427667380157	8	0.022386600419955893	0	0.005001722874780129	6	0.0012514934979146913	7	9.981741638453595E-6	3	1.935195527407675E-6	9	1.8129010384546566E-6	2	1.7760299446251427E-6	5	1.100301008435811E-6	1	8.103001761719104E-7	
156	file:/home/jamarq/PAN/KLDiv/../Data/cleaned/808445e76a3eba242898ba24be3ef64d_en_25-34_male.xml	9	0.36487319115296685	3	0.20705680595013304	0	0.13803930967537603	4	0.11761669164159592	8	0.10191328068363423	6	0.07044676298395078	7	3.940439359637551E-5	2	7.0111394896612635E-6	5	4.343600103199079E-6	1	3.1987791539390096E-6	
157	file:/home/jamarq/PAN/KLDiv/../Data/cleaned/4c9fe29d6bea6d70c02b7eca7e2fac7b_en_50-64_male.xml	0	0.6523748429973825	8	0.1236166282693702	4	0.09879633870159453	6	0.08466613125715275	5	0.03362506245226464	2	0.006797231700621676	7	8.496387342407178E-5	3	1.6472246407187942E-5	9	1.5431284433193637E-5	1	6.897217349179872E-6	
